Time;Current_in_Ampere;Current_out_Ampere;Solar_voltage_Volt;Est_solar_power_Watt
1;2.29266e-41;-0.1933;4.62428e-44;1.04319e-43
30;2.29379e-41;-0.2069;4.62428e-44;1.04319e-43
60;2.29435e-41;-0.2003;4.62428e-44;1.04319e-43
90;2.29435e-41;-0.1954;4.62428e-44;1.04319e-43
120;2.29449e-41;-0.1901;4.62428e-44;1.04319e-43
150;2.29477e-41;-0.1846;4.62428e-44;1.04319e-43
179;2.29463e-41;-0.1887;4.62428e-44;1.04319e-43
209;2.29519e-41;-0.1934;4.62428e-44;1.04319e-43
239;2.29519e-41;-0.1923;4.62428e-44;1.04319e-43
269;2.29491e-41;-0.1992;4.62428e-44;1.04319e-43
309;2.29505e-41;-0.194;4.62428e-44;1.04319e-43
339;2.29547e-41;-0.2076;4.62428e-44;1.04319e-43
369;2.29547e-41;-0.194;4.62428e-44;1.04319e-43
399;2.29547e-41;-0.1981;4.62428e-44;1.04319e-43
429;2.29603e-41;-0.1889;4.62428e-44;1.04319e-43
459;2.29631e-41;-0.1915;4.62428e-44;1.04319e-43
488;1.97121e-41;-0.202;4.62428e-44;8.87489e-44
518;1.97037e-41;-0.2011;4.62428e-44;8.87489e-44
548;1.97065e-41;-0.199;4.62428e-44;8.87489e-44
578;2.29659e-41;-0.1914;4.62428e-44;1.04319e-43
608;2.29715e-41;-0.1939;4.62428e-44;1.04319e-43
638;2.29715e-41;-0.1938;4.62428e-44;1.04319e-43
668;2.29743e-41;-0.2016;4.62428e-44;1.04319e-43
698;2.29799e-41;-0.1864;4.62428e-44;1.04319e-43
728;2.29799e-41;-0.1909;4.62428e-44;1.04319e-43
758;2.29827e-41;-0.1929;4.62428e-44;1.04319e-43
787;2.29841e-41;-0.1932;4.62428e-44;1.04319e-43
817;2.29855e-41;-0.1865;4.62428e-44;1.04319e-43
847;2.29883e-41;-0.1914;4.62428e-44;1.04319e-43
877;2.29883e-41;-0.1898;4.62428e-44;1.04319e-43
907;2.29939e-41;-0.1944;4.62428e-44;1.04319e-43
937;2.29953e-41;-0.1938;4.62428e-44;1.04319e-43
967;1.97191e-41;-0.1943;4.62428e-44;8.87489e-44
997;1.97191e-41;-0.1925;4.62428e-44;8.87489e-44
1027;2.29995e-41;-0.1971;4.62428e-44;1.04319e-43
1057;2.30065e-41;-0.1944;4.62428e-44;1.04319e-43
1086;2.30107e-41;-0.1925;4.62428e-44;1.04319e-43
1116;2.30205e-41;-0.1849;4.62428e-44;1.04319e-43
1146;2.30247e-41;-0.1895;4.62428e-44;1.04319e-43
1176;2.30373e-41;-0.1914;4.62428e-44;1.04319e-43
1207;2.30387e-41;-0.1923;4.62428e-44;1.04319e-43
1236;2.30444e-41;-0.1932;4.62428e-44;1.04319e-43
1266;2.30514e-41;-0.1915;4.62428e-44;1.04319e-43
1296;2.30514e-41;-0.1912;4.62428e-44;1.04319e-43
1326;2.30584e-41;-0.191;4.62428e-44;1.04319e-43
1366;2.30598e-41;-0.19;4.62428e-44;1.04319e-43
1395;2.30612e-41;-0.1899;4.62428e-44;1.04319e-43
1425;2.3064e-41;-0.1934;4.62428e-44;1.04319e-43
1455;2.30654e-41;-0.1856;4.62428e-44;1.04319e-43
1485;2.30668e-41;-0.1933;4.62428e-44;1.04319e-43
1515;2.30682e-41;-0.1976;4.62428e-44;1.04319e-43
