Time;Current_in_Ampere;Current_out_Ampere;Solar_voltage_Volt;Est_solar_power_Watt
0.567922;2.35166e-41;-0.1933;4.62428e-44;1.05876e-43
29.9523;2.35236e-41;-0.2069;4.62428e-44;1.05876e-43
59.8535;2.35208e-41;-0.2003;4.62428e-44;1.05876e-43
89.7539;2.3525e-41;-0.1954;4.62428e-44;1.05876e-43
119.653;2.3546e-41;-0.1901;4.62428e-44;1.07433e-43
149.553;2.3553e-41;-0.1846;4.62428e-44;1.07433e-43
179.453;2.35572e-41;-0.1887;4.62428e-44;1.07433e-43
209.353;1.83122e-41;-0.1934;4.62428e-44;8.25209e-44
239.254;2.00442e-41;-0.1923;4.62428e-44;9.03059e-44
269.155;2.00456e-41;-0.1992;4.62428e-44;9.03059e-44
309.215;2.35726e-41;-0.194;4.62428e-44;1.07433e-43
338.924;2.35712e-41;-0.2076;4.62428e-44;1.05876e-43
368.824;2.35754e-41;-0.194;4.62428e-44;1.07433e-43
398.721;2.35782e-41;-0.1981;4.62428e-44;1.07433e-43
428.621;2.35782e-41;-0.1889;4.62428e-44;1.07433e-43
458.52;2.35811e-41;-0.1915;4.62428e-44;1.07433e-43
488.421;2.35909e-41;-0.202;4.62428e-44;1.07433e-43
518.322;2.35881e-41;-0.2011;4.62428e-44;1.07433e-43
548.226;2.35979e-41;-0.199;4.62428e-44;1.07433e-43
578.124;2.36007e-41;-0.1914;4.62428e-44;1.07433e-43
608.249;2.36077e-41;-0.1939;4.62428e-44;1.07433e-43
637.93;2.36091e-41;-0.1938;4.62428e-44;1.07433e-43
667.83;2.36133e-41;-0.2016;4.62428e-44;1.07433e-43
697.73;2.36203e-41;-0.1864;4.62428e-44;1.07433e-43
727.63;2.36231e-41;-0.1909;4.62428e-44;1.07433e-43
757.531;2.36273e-41;-0.1929;4.62428e-44;1.07433e-43
787.433;2.36497e-41;-0.1932;4.62428e-44;1.07433e-43
817.335;2.36581e-41;-0.1865;4.62428e-44;1.07433e-43
847.237;2.36693e-41;-0.1914;4.62428e-44;1.07433e-43
877.137;2.36749e-41;-0.1898;4.62428e-44;1.07433e-43
907.37;2.36875e-41;-0.1944;4.62428e-44;1.07433e-43
936.94;2.3689e-41;-0.1938;4.62428e-44;1.07433e-43
966.843;2.36918e-41;-0.1943;4.62428e-44;1.07433e-43
996.746;2.37044e-41;-0.1925;4.62428e-44;1.07433e-43
1026.65;2.37394e-41;-0.1971;4.62428e-44;1.07433e-43
1056.55;2.37492e-41;-0.1944;4.62428e-44;1.07433e-43
1086.45;2.37548e-41;-0.1925;4.62428e-44;1.07433e-43
1116.35;2.37562e-41;-0.1849;4.62428e-44;1.07433e-43
1146.25;2.38207e-41;-0.1895;4.62428e-44;1.07433e-43
1176.15;1.83136e-41;-0.1914;4.62428e-44;8.25209e-44
1206.57;2.0054e-41;-0.1923;4.62428e-44;9.03059e-44
1235.96;1.99699e-41;-0.1932;4.62428e-44;9.03059e-44
1265.86;2.38305e-41;-0.1915;4.62428e-44;1.07433e-43
1295.76;2.37534e-41;-0.1912;4.62428e-44;1.07433e-43
1325.67;2.38375e-41;-0.191;4.62428e-44;1.07433e-43
1365.54;1.83346e-41;-0.19;4.62428e-44;8.25209e-44
1395.44;1.83178e-41;-0.1899;4.62428e-44;8.25209e-44
1425.34;2.38515e-41;-0.1934;4.62428e-44;1.07433e-43
1455.24;2.38529e-41;-0.1856;4.62428e-44;1.07433e-43
1485.14;2.38599e-41;-0.1933;4.62428e-44;1.07433e-43
1515.37;2.38627e-41;-0.1976;4.62428e-44;1.07433e-43
