Time;Angular_velocity_x;Angular_velocity_y;Angular_velocity_z;Orientation_x;Orientation_y;Orientation_z;Orientation_w;Linear_acceleration_x;Linear_acceleration_y;Linear_acceleration_z
0;0;0;0;0;0;0;0;0.195;0.68;-9.91
1;0;0;0;0;0;0;0;0.14;0.69;-9.94
2;0;0;0;0;0;0;0;0.19;0.68;-9.925
3;0;0;0;0;0;0;0;0.2;0.665;-9.93
4;0;0;-0.000555556;0;0;0;0;0.2;0.65;-9.96
5;0;0;0;0;0;0;0;0.19;0.68;-9.91
6;0;0;0;0;0;0;0;0.19;0.66;-9.92
7;0;0;0;0;0;0;0;0.19;0.67;-9.95
8;0;0;0;0;0;0;0;0.18;0.67;-9.955
9;0;0;0;0;0;0;0;0.17;0.68;-9.92
10;0;0;0;0;0;0;0;0.19;0.67;-9.92
11;0;0;0;0;0;0;0;0.18;0.67;-9.905
12;0;0;0;0;0;0;0;0.185;0.67;-9.915
13;0;0;0;0;0;0;0;0.205;0.67;-9.915
14;0;0;0;0;0;0;0;0.18;0.675;-9.92
15;0;0;0;0;0;0;0;0.19;0.67;-9.93
16;0;0;0;0;0;0;0;0.19;0.68;-9.93
17;0;0;0;0;0;0;0;0.185;0.67;-9.93
18;0;0;0;0;0;0;0;0.19;0.67;-9.94
19;0;0;0;0;0;0;0;0.18;0.68;-9.95
20;0;0;0;0;0;0;0;0.19;0.67;-9.93
21;0;0;0;0;0;0;0;0.19;0.675;-9.93
22;0;0;0;0;0;0;0;0.195;0.66;-9.935
23;0;0;0;0;0;0;0;0.18;0.67;-9.93
24;0;0;0;0;0;0;0;0.17;0.685;-9.935
25;0;0;0;0;0;0;0;0.18;0.67;-9.93
26;0;0;0;0;0;0;0;0.19;0.67;-9.94
27;0;0;0;0;0;0;0;0.17;0.66;-9.925
28;0;0;0;0;0;0;0;0.185;0.66;-9.93
29;0;0;0;0;0;0;0;0.19;0.675;-9.92
30;0;0;0;0;0;0;0;0.18;0.68;-9.88
31;0;0;0;0;0;0;0;0.19;0.68;-9.92
32;0;0;0;0;0;0;0;0.18;0.66;-9.92
33;0;0;0;0;0;0;0;0.19;0.67;-9.93
34;0;0;0;0;0;0;0;0.19;0.67;-9.94
35;0;0;0;0;0;0;0;0.19;0.68;-9.93
36;0;0;0;0;0;0;0;0.19;0.67;-9.92
37;0;0;0;0;0;0;0;0.18;0.67;-9.93
38;0;0;0;0;0;0;0;0.19;0.66;-9.94
39;0;0;0;0;0;0;0;0.18;0.67;-9.935
40;0;0;0;0;0;0;0;0.19;0.665;-9.94
41;0;0;0;0;0;0;0;0.17;0.67;-9.96
42;0;0;0;0;0;0;0;0.19;0.68;-9.94
43;0;0;0;0;0;0;0;0.19;0.67;-9.93
44;0;0;0;0;0;0;0;0.18;0.67;-9.95
45;0;0;0;0;0;0;0;0.195;0.67;-9.94
46;0;0;0;0;0;0;0;0.19;0.67;-9.94
47;0;0;0;0;0;0;0;0.17;0.67;-9.935
48;0;0;0;0;0;0;0;0.19;0.68;-9.93
49;0;0;0;0;0;0;0;0.19;0.67;-9.93
50;0;0;0;0;0;0;0;0.19;0.67;-9.935
51;0;0;0;0;0;0;0;0.19;0.68;-9.92
52;0;0;0;0;0;0;0;0.18;0.67;-9.93
53;0;0;0;0;0;0;0;0.19;0.68;-9.93
54;0;0;0;0;0;0;0;0.19;0.67;-9.91
55;0;0;0;0;0;0;0;0.19;0.68;-9.94
56;0;0;0;0;0;0;0;0.19;0.67;-9.94
57;0;0;0;0;0;0;0;0.185;0.68;-9.94
58;0;0;0;0;0;0;0;0.175;0.67;-9.925
59;0;0;0;0;0;0;0;0.19;0.68;-9.92
60;0;0;0;0;0;0;0;0.195;0.68;-9.915
61;0;0;0;0;0;0;0;0.18;0.67;-9.935
62;0;0;0;0;0;0;0;0.19;0.66;-9.94
63;0;0;0;0;0;0;0;0.19;0.67;-9.94
64;0;0;0;0;0;0;0;0.19;0.67;-9.925
65;0;0;0;0;0;0;0;0.18;0.67;-9.94
66;0;0;0;0;0;0;0;0.18;0.665;-9.93
67;0;0;0;0;0;0;0;0.19;0.675;-9.915
68;0;0;0;0;0;0;0;0.19;0.67;-9.94
69;0;0;0;0;0;0;0;0.17;0.67;-9.93
70;0;0;0;0;0;0;0;0.18;0.665;-9.92
71;0;0;0;0;0;0;0;0.185;0.66;-9.94
72;0;0;0;0;0;0;0;0.18;0.67;-9.955
73;0;0;0;0;0;0;0;0.185;0.67;-9.945
74;0;0;0;0;0;0;0;0.19;0.68;-9.96
75;0;0;0;0;0;0;0;0.18;0.67;-9.93
76;0;0;0;0;0;0;0;0.18;0.68;-9.93
77;0;0;0;0;0;0;0;0.18;0.67;-9.96
78;0;0;0;0;0;0;0;0.19;0.67;-9.935
79;0;0;0;0;0;0;0;0.185;0.675;-9.915
80;0;0;0;0;0;0;0;0.18;0.68;-9.925
81;0;0;0;0;0;0;0;0.19;0.675;-9.945
82;0;0;0;0;0;0;0;0.18;0.68;-9.935
83;0;0;0;0;0;0;0;0.19;0.67;-9.95
84;0;0;0;0;0;0;0;0.18;0.67;-9.92
85;0;0;0;0;0;0;0;0.175;0.67;-9.93
86;0;0;0;0;0;0;0;0.18;0.67;-9.92
87;0;0;0;0;0;0;0;0.19;0.67;-9.92
88;0;0;0;0;0;0;0;0.2;0.68;-9.94
89;0;0;0;0;0;0;0;0.19;0.68;-9.93
90;0;0;0;0;0;0;0;0.185;0.68;-9.92
91;0;0;0;0;0;0;0;0.18;0.67;-9.93
92;0;0;0;0;0;0;0;0.18;0.67;-9.92
93;0;0;0;0;0;0;0;0.17;0.67;-9.93
94;0;0;0;0;0;0;0;0.19;0.68;-9.92
95;0;0;0;0;0;0;0;0.17;0.68;-9.93
96;0;0;0;0;0;0;0;0.19;0.67;-9.93
97;0;0;0;0;0;0;0;0.175;0.67;-9.915
98;0;0;0;0;0;0;0;0.195;0.675;-9.92
99;0;0;0;0;0;0;0;0.18;0.68;-9.92
100;0;0;0;0;0;0;0;0.18;0.68;-9.94
101;0;0;0;0;0;0;0;0.18;0.68;-9.915
102;0;0;0;0;0;0;0;0.19;0.68;-9.93
103;0;0;0;0;0;0;0;0.18;0.68;-9.94
104;0;0;0;0;0;0;0;0.19;0.67;-9.93
105;0;0;0;0;0;0;0;0.2;0.68;-9.93
106;0;0;0;0;0;0;0;0.19;0.68;-9.93
107;0;0;0;0;0;0;0;0.2;0.68;-9.91
108;0;0;0;0;0;0;0;0.19;0.67;-9.92
109;0;0;0;0;0;0;0;0.18;0.68;-9.93
110;0;0;0;0;0;0;0;0.19;0.68;-9.935
111;0;0;0;0;0;0;0;0.18;0.69;-9.94
112;0;0;0;0;0;0;0;0.19;0.69;-9.92
113;0;0;0;0;0;0;0;0.19;0.68;-9.94
114;0;0;0;0;0;0;0;0.165;0.675;-9.95
115;0;0;0;0;0;0;0;0.19;0.68;-9.93
116;0;0;0;0;0;0;0;0.19;0.67;-9.94
117;0;0;0;0;0;0;0;0.19;0.68;-9.93
118;0;0;0;0;0;0;0;0.19;0.68;-9.93
119;0;0;0;0;0;0;0;0.18;0.68;-9.93
120;0;0;0;0;0;0;0;0.2;0.68;-9.93
121;0;0;0;0;0;0;0;0.19;0.68;-9.94
122;0;0;0;0;0;0;0;0.18;0.68;-9.93
123;0;0;0;0;0;0;0;0.18;0.67;-9.93
124;0;0;0;0;0;0;0;0.18;0.67;-9.95
125;0;0;0;0;0;0;0;0.19;0.68;-9.95
126;0;0;0;0;0;0;0;0.19;0.68;-9.94
127;0;0;0;0;0;0;0;0.19;0.68;-9.93
128;0;0;0;0;0;0;0;0.18;0.68;-9.92
129;0;0;0;0;0;0;0;0.19;0.67;-9.925
130;0;0;0;0;0;0;0;0.19;0.68;-9.92
131;0;0;0;0;0;0;0;0.18;0.69;-9.925
132;0;0;0;0;0;0;0;0.2;0.68;-9.945
133;0;0;0;0;0;0;0;0.18;0.68;-9.93
134;0;0;0;0;0;0;0;0.19;0.67;-9.915
135;0;0;0;0;0;0;0;0.185;0.68;-9.93
136;0;0;0;0;0;0;0;0.19;0.68;-9.93
137;0;0;0;0;0;0;0;0.18;0.68;-9.94
138;0;0;0;0;0;0;0;0.19;0.68;-9.93
139;0;0;0;0;0;0;0;0.19;0.67;-9.93
140;0;0;0;0;0;0;0;0.19;0.68;-9.93
141;0;0;0;0;0;0;0;0.18;0.67;-9.92
142;0;0;0;0;0;0;0;0.18;0.68;-9.94
143;0;0;0;0;0;0;0;0.19;0.67;-9.93
144;0;0;0;0;0;0;0;0.18;0.68;-9.92
145;0;0;0;0;0;0;0;0.18;0.67;-9.91
146;0;0;0;0;0;0;0;0.2;0.67;-9.92
147;0;0;0;0;0;0;0;0.19;0.68;-9.93
148;0;0;0;0;0;0;0;0.18;0.68;-9.92
149;0;0;0;0;0;0;0;0.18;0.68;-9.91
150;0;0;0;0;0;0;0;0.19;0.68;-9.92
151;0;0;0;0;0;0;0;0.195;0.675;-9.925
152;0;0;0;0;0;0;0;0.19;0.68;-9.93
153;0;0;0;0;0;0;0;0.18;0.68;-9.93
154;0;0;0;0;0;0;0;0.18;0.68;-9.93
155;0;0;0;0;0;0;0;0.19;0.69;-9.93
156;0;0;0;0;0;0;0;0.19;0.68;-9.92
157;0;0;0;0;0;0;0;0.18;0.68;-9.92
158;0;0;0;0;0;0;0;0.18;0.67;-9.92
159;0;0;0;0;0;0;0;0.18;0.68;-9.95
160;0;0;0;0;0;0;0;0.19;0.67;-9.91
161;0;0;0;0;0;0;0;0.185;0.68;-9.945
162;0;0;0;0;0;0;0;0.19;0.68;-9.925
163;0;0;0;0;0;0;0;0.195;0.68;-9.94
164;0;0;0;0;0;0;0;0.2;0.67;-9.955
165;0;0;0;0;0;0;0;0.19;0.68;-9.92
166;0;0;0;0;0;0;0;0.19;0.68;-9.94
167;0;0;0;0;0;0;0;0.19;0.675;-9.93
168;0;0;0;0;0;0;0;0.19;0.68;-9.94
169;0;0;0;0;0;0;0;0.18;0.68;-9.94
170;0;0;0;0;0;0;0;0.19;0.67;-9.94
171;0;0;0;0;0;0;0;0.18;0.68;-9.93
172;0;0;0;0;0;0;0;0.19;0.68;-9.93
173;0;0;0;0;0;0;0;0.185;0.68;-9.92
174;0;0;0;0;0;0;0;0.19;0.68;-9.915
175;0;0;0;0;0;0;0;0.18;0.68;-9.925
176;0;0;0;0;0;0;0;0.2;0.68;-9.92
177;0;0;0;0;0;0;0;0.175;0.67;-9.95
178;0;0;0;0;0;0;0;0.19;0.68;-9.91
179;0;0;0;0;0;0;0;0.19;0.675;-9.94
180;0;0;0;0;0;0;0;0.19;0.68;-9.92
181;0;0;0;0;0;0;0;0.19;0.68;-9.93
182;0;0;0;0;0;0;0;0.19;0.68;-9.92
183;0;0;0;0;0;0;0;0.2;0.68;-9.92
184;0;0;0;0;0;0;0;0.195;0.67;-9.94
185;0;0;0;0;0;0;0;0.18;0.67;-9.93
186;0;0;0;0;0;0;0;0.19;0.67;-9.93
187;0;0;0;0;0;0;0;0.2;0.67;-9.92
188;0;0;0;0;0;0;0;0.2;0.68;-9.93
189;0;0;0;0;0;0;0;0.19;0.67;-9.93
190;0;0;0;0;0;0;0;0.18;0.68;-9.93
191;0;0;0;0;0;0;0;0.19;0.68;-9.92
192;0;0;0;0;0;0;0;0.17;0.67;-9.92
193;0;0;0;0;0;0;0;0.18;0.67;-9.92
194;0;0;0;0;0;0;0;0.18;0.68;-9.92
195;0;0;0;0;0;0;0;0.19;0.68;-9.93
196;0;0;0;0;0;0;0;0.185;0.68;-9.93
197;0;0;0;0;0;0;0;0.2;0.68;-9.93
198;0;0;0;0;0;0;0;0.185;0.68;-9.915
199;0;0;0;0;0;0;0;0.19;0.68;-9.93
200;0;0;0;0;0;0;0;0.19;0.68;-9.92
201;0;0;0;0;0;0;0;0.19;0.67;-9.92
202;0;0;0;0;0;0;0;0.18;0.67;-9.94
203;0;0;0;0;0;0;0;0.19;0.67;-9.925
204;0;0;0;0;0;0;0;0.19;0.67;-9.935
205;0;0;0;0;0;0;0;0.19;0.68;-9.93
206;0;0;0;0;0;0;0;0.18;0.68;-9.915
207;0;0;0;0;0;0;0;0.18;0.68;-9.92
208;0;0;0;0;0;0;0;0.19;0.66;-9.93
209;0;0;0;0;0;0;0;0.19;0.68;-9.93
210;0;0;0;0;0;0;0;0.18;0.68;-9.945
211;0;0;0;0;0;0;0;0.195;0.68;-9.92
212;0;0;0;0;0;0;0;0.18;0.68;-9.91
213;0;0;0;0;0;0;0;0.19;0.68;-9.92
214;0;0;0;0;0;0;0;0.18;0.67;-9.93
215;0;0;0;0;0;0;0;0.18;0.67;-9.925
216;0;0;0;0;0;0;0;0.2;0.67;-9.93
217;0;0;0;0;0;0;0;0.18;0.68;-9.95
218;0;0;0;0;0;0;0;0.18;0.68;-9.92
219;0;0;0;0;0;0;0;0.18;0.67;-9.94
220;0;0;0;0;0;0;0;0.19;0.68;-9.92
221;0;0;0;0;0;0;0;0.19;0.675;-9.91
222;0;0;0;0;0;0;0;0.19;0.68;-9.93
223;0;0;0;0;0;0;0;0.19;0.67;-9.93
224;0;0;0;0;0;0;0;0.19;0.67;-9.95
225;0;0;0;0;0;0;0;0.195;0.67;-9.94
226;0;0;0;0;0;0;0;0.18;0.68;-9.925
227;0;0;0;0;0;0;0;0.18;0.68;-9.925
228;0;0;0;0;0;0;0;0.19;0.68;-9.93
229;0;0;0;0;0;0;0;0.18;0.68;-9.94
230;0;0;0;0;0;0;0;0.19;0.68;-9.92
231;0;0;0;0;0;0;0;0.19;0.67;-9.91
232;0;0;0;0;0;0;0;0.19;0.68;-9.95
233;0;0;0;0;0;0;0;0.19;0.67;-9.92
234;0;0;0;0;0;0;0;0.18;0.68;-9.94
235;0;0;0;0;0;0;0;0.19;0.68;-9.93
236;0;0;0;0;0;0;0;0.19;0.68;-9.93
237;0;0;0;0;0;0;0;0.19;0.68;-9.93
238;0;0;0;0;0;0;0;0.19;0.68;-9.94
239;0;0;0;0;0;0;0;0.19;0.68;-9.93
240;0;0;0;0;0;0;0;0.19;0.67;-9.91
241;0;0;0;0;0;0;0;0.19;0.68;-9.92
242;0;0;0;0;0;0;0;0.185;0.67;-9.94
243;0;0;0;0;0;0;0;0.19;0.68;-9.93
244;0;0;0;0;0;0;0;0.18;0.685;-9.93
245;0;0;0;0;0;0;0;0.19;0.67;-9.92
246;0;0;0;0;0;0;0;0.19;0.67;-9.93
247;0;0;0;0;0;0;0;0.19;0.68;-9.93
248;0;0;0;0;0;0;0;0.19;0.68;-9.925
249;0;0;0;0;0;0;0;0.18;0.68;-9.94
250;0;0;0;0;0;0;0;0.18;0.68;-9.945
251;0;0;0;0;0;0;0;0.19;0.68;-9.93
252;0;0;0;0;0;0;0;0.19;0.68;-9.94
253;0;0;0;0;0;0;0;0.18;0.67;-9.915
254;0;0;0;0;0;0;0;0.19;0.68;-9.93
255;0;0;0;0;0;0;0;0.18;0.68;-9.93
256;0;0;0;0;0;0;0;0.18;0.68;-9.925
257;0;0;0;0;0;0;0;0.19;0.68;-9.93
258;0;0;0;0;0;0;0;0.18;0.68;-9.91
259;0;0;0;0;0;0;0;0.18;0.68;-9.93
260;0;0;0;0;0;0;0;0.195;0.675;-9.935
261;0;0;0;0;0;0;0;0.19;0.67;-9.93
262;0;0;0;0;0;0;0;0.19;0.67;-9.94
263;0;0;0;0;0;0;0;0.18;0.68;-9.93
264;0;0;0;0;0;0;0;0.19;0.675;-9.925
265;0;0;0;0;0;0;0;0.18;0.67;-9.93
266;0;0;0;0;0;0;0;0.18;0.68;-9.935
267;0;0;0;0;0;0;0;0.19;0.67;-9.93
268;0;0;0;0;0;0;0;0.2;0.66;-9.915
269;0;0;0;0;0;0;0;0.19;0.68;-9.94
270;0;0;0;0;0;0;0;0.18;0.68;-9.92
271;0;0;0;0;0;0;0;0.19;0.67;-9.94
272;0;0;0;0;0;0;0;0.18;0.675;-9.93
273;0;0;0;0;0;0;0;0.19;0.68;-9.94
274;0;0;0;0;0;0;0;0.18;0.675;-9.93
275;0;0;0;0;0;0;0;0.2;0.68;-9.93
276;0;0;0;0;0;0;0;0.19;0.68;-9.93
277;0;0;0;0;0;0;0;0.19;0.68;-9.95
278;0;0;0;0;0;0;0;0.18;0.67;-9.94
279;0;0;0;0;0;0;0;0.195;0.675;-9.95
280;0;0;0;0;0;0;0;0.18;0.68;-9.935
281;0;0;0;0;0;0;0;0.19;0.67;-9.93
282;0;0;0;0;0;0;0;0.185;0.675;-9.92
283;0;0;0;0;0;0;0;0.19;0.68;-9.95
284;0;0;0;0;0;0;0;0.18;0.675;-9.94
285;0;0;0;0;0;0;0;0.18;0.695;-9.91
286;0;0;0;0;0;0;0;0.2;0.68;-9.925
287;0;0;0;0;0;0;0;0.19;0.68;-9.93
288;0;0;0;0;0;0;0;0.18;0.68;-9.96
289;0;0;0;0;0;0;0;0.18;0.68;-9.94
290;0;0;0;0;0;0;0;0.19;0.69;-9.9
291;0;0;0;0;0;0;0;0.185;0.68;-9.96
292;0;0;0;0;0;0;0;0.18;0.68;-9.91
293;0;0;0;0;0;0;0;0.18;0.68;-9.93
294;0;0;0;0;0;0;0;0.185;0.69;-9.93
295;0;0;0;0;0;0;0;0.19;0.67;-9.95
296;0;0;0;0;0;0;0;0.17;0.67;-9.91
297;0;0;0;0;0;0;0;0.175;0.675;-9.93
298;0;0;0;0;0;0;0;0.18;0.68;-9.9
299;0;0;0;0;0;0;0;0.185;0.68;-9.92
300;0;0;0;0;0;0;0;0.185;0.67;-9.935
301;0;0;0;0;0;0;0;0.19;0.68;-9.92
302;0;0;0;0;0;0;0;0.21;0.68;-9.92
303;0.000555556;0;0;0;0;0;0;0.19;0.68;-9.955
304;0;0;0;0;0;0;0;0.19;0.68;-9.94
305;0;0;0;0;0;0;0;0.19;0.675;-9.935
306;0;0;0;0;0;0;0;0.18;0.67;-9.93
307;0;0;0;0;0;0;0;0.19;0.68;-9.93
308;0;0;0;0;0;0;0;0.185;0.675;-9.935
309;0;0;0;0;0;0;0;0.18;0.67;-9.94
310;-0.000555556;0;0;0;0;0;0;0.185;0.67;-9.93
311;0;0;0;0;0;0;0;0.17;0.68;-9.91
312;0;0;0;0;0;0;0;0.18;0.675;-9.93
313;0;0;0;0;0;0;0;0.19;0.67;-9.93
314;0;0;0;0;0;0;0;0.18;0.68;-9.92
315;0;0;0;0;0;0;0;0.19;0.67;-9.925
316;0;0;0;0;0;0;0;0.18;0.68;-9.94
317;0;0;0;0;0;0;0;0.19;0.68;-9.925
318;0;0;0;0;0;0;0;0.18;0.67;-9.92
319;0;0;0;0;0;0;0;0.185;0.68;-9.925
320;0;0;0;0;0;0;0;0.2;0.68;-9.92
321;0;0;0;0;0;0;0;0.18;0.68;-9.92
322;0;0;0;0;0;0;0;0.19;0.68;-9.93
323;0;0;0;0;0;0;0;0.17;0.68;-9.94
324;0;0;0;0;0;0;0;0.18;0.68;-9.93
325;0;0;0;0;0;0;0;0.175;0.68;-9.96
326;0;0;0;0;0;0;0;0.175;0.69;-9.92
327;0;0;0;0;0;0;0;0.19;0.68;-9.94
328;0;0;0;0;0;0;0;0.18;0.675;-9.925
329;0;0;0;0;0;0;0;0.19;0.68;-9.94
330;0;0;0;0;0;0;0;0.19;0.67;-9.92
331;0;0;0;0;0;0;0;0.18;0.675;-9.935
332;0;0;0;0;0;0;0;0.18;0.675;-9.93
333;0;0;0;0;0;0;0;0.18;0.67;-9.94
334;0;0;0;0;0;0;0;0.19;0.68;-9.92
335;0;0;0;0;0;0;0;0.18;0.68;-9.92
336;0;0;0;0;0;0;0;0.19;0.68;-9.93
337;0;0;0;0;0;0;0;0.18;0.68;-9.92
338;0;0;0;0;0;0;0;0.19;0.68;-9.92
339;0;0;0;0;0;0;0;0.19;0.68;-9.95
340;0;0;0;0;0;0;0;0.185;0.675;-9.915
341;0;0;0;0;0;0;0;0.17;0.68;-9.92
342;0;0;0;0;0;0;0;0.19;0.67;-9.94
343;0;0;0;0;0;0;0;0.19;0.68;-9.92
344;0;0;0;0;0;0;0;0.19;0.68;-9.93
345;0;0;0;0;0;0;0;0.18;0.67;-9.94
346;0;0;0;0;0;0;0;0.19;0.68;-9.93
347;0;0;0;0;0;0;0;0.18;0.68;-9.925
348;0;0;0;0;0;0;0;0.185;0.68;-9.93
349;0;0;0;0;0;0;0;0.19;0.68;-9.945
350;0;0;0;0;0;0;0;0.19;0.68;-9.95
351;0;0;0;0;0;0;0;0.18;0.67;-9.93
352;0;0;0;0;0;0;0;0.195;0.68;-9.94
353;0;0;0;0;0;0;0;0.17;0.68;-9.93
354;0;0;0;0;0;0;0;0.205;0.675;-9.94
355;0;0;0;0;0;0;0;0.19;0.685;-9.925
356;0;0;0;0;0;0;0;0.19;0.68;-9.93
357;0;0;0;0;0;0;0;0.18;0.675;-9.91
358;0;0;0;0;0;0;0;0.2;0.68;-9.935
359;0;0;0;0;0;0;0;0.19;0.68;-9.915
360;0;0;0;0;0;0;0;0.19;0.68;-9.94
361;0;0;0;0;0;0;0;0.18;0.68;-9.95
362;0;0;0;0;0;0;0;0.195;0.68;-9.92
363;0;0;0;0;0;0;0;0.19;0.67;-9.93
364;0;0;0;0;0;0;0;0.19;0.68;-9.94
365;0;0;0;0;0;0;0;0.17;0.68;-9.93
366;0;0;0;0;0;0;0;0.19;0.68;-9.91
367;0;0;0;0;0;0;0;0.195;0.68;-9.94
368;0;0;0;0;0;0;0;0.19;0.67;-9.94
369;0;0;0;0;0;0;0;0.18;0.68;-9.94
370;0;0;0;0;0;0;0;0.2;0.68;-9.93
371;0;0;0;0;0;0;0;0.19;0.67;-9.91
372;0;0;0;0;0;0;0;0.19;0.67;-9.91
373;0;0;0;0;0;0;0;0.2;0.68;-9.93
374;0;0;0;0;0;0;0;0.19;0.68;-9.92
375;0;0;0;0;0;0;0;0.19;0.67;-9.92
376;0;0;0;0;0;0;0;0.19;0.68;-9.93
377;0;0;0;0;0;0;0;0.19;0.675;-9.93
378;0;0;0;0;0;0;0;0.19;0.67;-9.93
379;0;0;0;0;0;0;0;0.185;0.68;-9.93
380;0;0;0;0;0;0;0;0.18;0.68;-9.935
381;0;0;0;0;0;0;0;0.18;0.69;-9.92
382;0;0;0;0;0;0;0;0.2;0.68;-9.93
383;0;0;0;0;0;0;0;0.19;0.68;-9.94
384;0;0;0;0;0;0;0;0.18;0.68;-9.93
385;0;0;0;0;0;0;0;0.2;0.68;-9.92
386;0;0;0;0;0;0;0;0.19;0.67;-9.95
387;0;0;0;0;0;0;0;0.185;0.68;-9.935
388;0;0;0;0;0;0;0;0.19;0.68;-9.935
389;0;0;0;0;0;0;0;0.19;0.68;-9.93
390;0;0;0;0;0;0;0;0.19;0.67;-9.91
391;0;0;0;0;0;0;0;0.185;0.68;-9.915
392;0;0;0;0;0;0;0;0.19;0.68;-9.925
393;0;0;0;0;0;0;0;0.195;0.68;-9.93
394;0;0;0;0;0;0;0;0.18;0.68;-9.94
395;0;0;0;0;0;0;0;0.19;0.67;-9.915
396;0;0;0;0;0;0;0;0.18;0.68;-9.93
397;0;0;0;0;0;0;0;0.18;0.67;-9.92
398;0;0;0;0;0;0;0;0.185;0.68;-9.93
399;0;0;0;0;0;0;0;0.19;0.67;-9.92
400;0;0;0;0;0;0;0;0.19;0.68;-9.93
401;0;0;0;0;0;0;0;0.195;0.68;-9.94
402;0;0;0;0;0;0;0;0.18;0.67;-9.925
403;0;0;0;0;0;0;0;0.18;0.68;-9.93
404;0;0;0;0;0;0;0;0.19;0.67;-9.93
405;0;0;0;0;0;0;0;0.18;0.675;-9.92
406;0;0;0;0;0;0;0;0.185;0.675;-9.94
407;0;0;0;0;0;0;0;0.2;0.68;-9.92
408;0;0;0;0;0;0;0;0.18;0.68;-9.94
409;0;0;0;0;0;0;0;0.19;0.68;-9.93
410;0;0;0;0;0;0;0;0.195;0.68;-9.955
411;0;0;0;0;0;0;0;0.19;0.68;-9.92
412;0;0;0;0;0;0;0;0.19;0.68;-9.93
413;0;0;0;0;0;0;0;0.19;0.68;-9.93
414;0;0;0;0;0;0;0;0.18;0.68;-9.91
415;0;0;0;0;0;0;0;0.18;0.68;-9.93
416;0;0;0;0;0;0;0;0.18;0.68;-9.93
417;0;0;0;0;0;0;0;0.19;0.69;-9.92
418;0;0;0;0;0;0;0;0.19;0.67;-9.93
419;0;0;0;0;0;0;0;0.185;0.67;-9.94
420;0;0;0;0;0;0;0;0.19;0.67;-9.93
421;0;0;0;0;0;0;0;0.18;0.68;-9.93
422;0;0;0;0;0;0;0;0.185;0.68;-9.925
423;0;0;0;0;0;0;0;0.185;0.68;-9.935
424;0;0;0;0;0;0;0;0.19;0.68;-9.93
425;0;0;0;0;0;0;0;0.18;0.68;-9.92
426;0;0;0;0;0;0;0;0.19;0.67;-9.92
427;0;0;0;0;0;0;0;0.18;0.68;-9.93
428;0;0;0;0;0;0;0;0.19;0.68;-9.92
429;0;0;0;0;0;0;0;0.18;0.68;-9.93
430;0;0;0;0;0;0;0;0.2;0.68;-9.92
431;0;0;0;0;0;0;0;0.19;0.68;-9.935
432;0;0;0;0;0;0;0;0.185;0.68;-9.93
433;0;0;0;0;0;0;0;0.18;0.67;-9.94
434;0;0;0;0;0;0;0;0.17;0.68;-9.94
435;0;0;0;0;0;0;0;0.19;0.68;-9.93
436;0;0;0;0;0;0;0;0.18;0.68;-9.93
437;0;0;0;0;0;0;0;0.18;0.68;-9.93
438;0;0;0;0;0;0;0;0.19;0.67;-9.92
439;0;0;0;0;0;0;0;0.19;0.68;-9.93
440;0;0;0;0;0;0;0;0.19;0.68;-9.94
441;0;0;0;0;0;0;0;0.185;0.68;-9.925
442;0;0;0;0;0;0;0;0.18;0.67;-9.93
443;0;0;0;0;0;0;0;0.2;0.67;-9.92
444;0;0;0;0;0;0;0;0.19;0.67;-9.93
445;0;0;0;0;0;0;0;0.19;0.66;-9.93
446;0;0;0;0;0;0;0;0.18;0.68;-9.91
447;0;0;0;0;0;0;0;0.18;0.68;-9.93
448;0;0;0;0;0;0;0;0.18;0.68;-9.94
449;0;0;0;0;0;0;0;0.19;0.67;-9.93
450;0;0;0;0;0;0;0;0.19;0.68;-9.91
451;0;0;0;0;0;0;0;0.19;0.68;-9.91
452;0;0;0;0;0;0;0;0.19;0.68;-9.93
453;0;0;0;0;0;0;0;0.19;0.68;-9.92
454;0;0;0;0;0;0;0;0.185;0.68;-9.92
455;0;0;0;0;0;0;0;0.18;0.68;-9.95
456;0;0;0;0;0;0;0;0.19;0.68;-9.935
457;0;0;0;0;0;0;0;0.19;0.68;-9.94
458;0;0;0;0;0;0;0;0.185;0.68;-9.915
459;0;0;0;0;0;0;0;0.19;0.67;-9.92
460;0;0;0;0;0;0;0;0.19;0.68;-9.94
461;0;0;0;0;0;0;0;0.175;0.68;-9.92
462;0;0;0;0;0;0;0;0.18;0.68;-9.92
463;0;0;0;0;0;0;0;0.18;0.67;-9.94
464;0;0;0;0;0;0;0;0.18;0.68;-9.92
465;0;0;0;0;0;0;0;0.18;0.68;-9.95
466;0;0;0;0;0;0;0;0.18;0.67;-9.91
467;0;0;0;0;0;0;0;0.19;0.67;-9.925
468;0;0;0;0;0;0;0;0.195;0.68;-9.935
469;0;0;0;0;0;0;0;0.19;0.68;-9.93
470;0;0;0;0;0;0;0;0.19;0.68;-9.91
471;0;0;0;0;0;0;0;0.19;0.675;-9.925
472;0;0;0;0;0;0;0;0.18;0.68;-9.925
473;0;0;0;0;0;0;0;0.18;0.68;-9.93
474;0;0;0;0;0;0;0;0.19;0.68;-9.94
475;0;0;0;0;0;0;0;0.2;0.68;-9.925
476;0;0;0;0;0;0;0;0.19;0.67;-9.94
477;0;0;0;0;0;0;0;0.19;0.68;-9.92
478;0;0;0;0;0;0;0;0.19;0.67;-9.925
479;0;0;0;0;0;0;0;0.2;0.68;-9.925
480;0;0;0;0;0;0;0;0.19;0.67;-9.92
481;0;0;0;0;0;0;0;0.19;0.68;-9.92
482;0;0;0;0;0;0;0;0.19;0.68;-9.93
483;0;0;0;0;0;0;0;0.19;0.68;-9.94
484;0;0;0;0;0;0;0;0.185;0.68;-9.94
485;0;0;0;0;0;0;0;0.195;0.68;-9.93
486;0;0;0;0;0;0;0;0.19;0.68;-9.92
487;0;0;0;0;0;0;0;0.19;0.67;-9.93
488;0;0;0;0;0;0;0;0.19;0.67;-9.925
489;0;0;0;0;0;0;0;0.185;0.68;-9.92
490;0;0;0;0;0;0;0;0.18;0.67;-9.93
491;0;0;0;0;0;0;0;0.185;0.68;-9.94
492;0;0;0;0;0;0;0;0.175;0.67;-9.94
493;0;0;0;0;0;0;0;0.18;0.68;-9.935
494;0;0;0;0;0;0;0;0.18;0.67;-9.94
495;0;0;0;0;0;0;0;0.2;0.68;-9.94
496;0;0;0;0;0;0;0;0.185;0.68;-9.935
497;0;0;0;0;0;0;0;0.17;0.68;-9.925
498;0;0;0;0;0;0;0;0.19;0.675;-9.94
499;0;0;0;0;0;0;0;0.19;0.68;-9.94
500;0;0;0;0;0;0;0;0.18;0.68;-9.92
501;0;0;0;0;0;0;0;0.18;0.675;-9.94
502;0;0;0;0;0;0;0;0.19;0.68;-9.93
503;0;0;0;0;0;0;0;0.19;0.68;-9.94
504;0;0;0;0;0;0;0;0.18;0.68;-9.94
505;0;0;0;0;0;0;0;0.19;0.68;-9.93
506;0;0;0;0;0;0;0;0.19;0.68;-9.93
507;0;0;0;0;0;0;0;0.18;0.68;-9.93
508;0;0;0;0;0;0;0;0.18;0.68;-9.93
509;0;0;0;0;0;0;0;0.19;0.68;-9.92
510;0;0;0;0;0;0;0;0.18;0.68;-9.93
511;0;0;0;0;0;0;0;0.17;0.67;-9.94
512;0;0;0;0;0;0;0;0.19;0.67;-9.92
513;0;0;0;0;0;0;0;0.185;0.67;-9.95
514;0;0;0;0;0;0;0;0.18;0.68;-9.94
515;0;0;0;0;0;0;0;0.2;0.68;-9.93
516;0;0;0;0;0;0;0;0.2;0.67;-9.93
517;0;0;0;0;0;0;0;0.19;0.68;-9.93
518;0;0;0;0;0;0;0;0.185;0.68;-9.95
519;0;0;0;0;0;0;0;0.18;0.68;-9.93
520;0;0;0;0;0;0;0;0.18;0.68;-9.92
521;0;0;0;0;0;0;0;0.18;0.68;-9.94
522;0;0;0;0;0;0;0;0.195;0.67;-9.935
523;0;0;0;0;0;0;0;0.19;0.67;-9.915
524;0;0;0;0;0;0;0;0.195;0.68;-9.94
525;0;0;0;0;0;0;0;0.2;0.68;-9.955
526;0;0;0;0;0;0;0;0.2;0.67;-9.93
527;0;0;0;0;0;0;0;0.18;0.67;-9.94
528;0;0;0;0;0;0;0;0.19;0.68;-9.93
529;0;0;0;0;0;0;0;0.19;0.68;-9.93
530;0;0;0;0;0;0;0;0.19;0.68;-9.92
531;0;0;0;0;0;0;0;0.18;0.68;-9.93
532;0;0;0;0;0;0;0;0.18;0.67;-9.92
533;0;0;0;0;0;0;0;0.19;0.68;-9.925
534;0;0;0;0;0;0;0;0.215;0.67;-9.94
535;0;0;0;0;0;0;0;0.18;0.67;-9.93
536;0;0;0;0;0;0;0;0.19;0.67;-9.93
537;0;0;0;0;0;0;0;0.18;0.68;-9.95
538;0;0;0;0;0;0;0;0.205;0.68;-9.955
539;0;0;0;0;0;0;0;0.18;0.675;-9.93
540;0;0;0;0;0;0;0;0.18;0.68;-9.93
541;0;0;0;0;0;0;0;0.19;0.68;-9.915
542;0;0;0;0;0;0;0;0.18;0.67;-9.91
543;0;0;0;0;0;0;0;0.19;0.67;-9.91
544;0;0;0;0;0;0;0;0.2;0.68;-9.93
545;0;0;0;0;0;0;0;0.18;0.67;-9.92
546;0;0;0;0;0;0;0;0.18;0.68;-9.94
547;0;0;0;0;0;0;0;0.19;0.68;-9.97
548;0;0;0;0;0;0;0;0.18;0.68;-9.94
549;0;0;0;0;0;0;0;0.2;0.68;-9.94
550;0;0;0;0;0;0;0;0.19;0.68;-9.94
551;0;0;0;0;0;0;0;0.19;0.67;-9.92
552;0;0;0;0;0;0;0;0.185;0.68;-9.93
553;0;0;0;0;0;0;0;0.19;0.67;-9.93
554;0;0;0;0;0;0;0;0.18;0.68;-9.93
555;0;0;0;0;0;0;0;0.2;0.66;-9.935
556;0;0;0;0;0;0;0;0.19;0.67;-9.94
557;0;0;0;0;0;0;0;0.2;0.675;-9.935
558;0;0;0;0;0;0;0;0.19;0.68;-9.93
559;0;0;0;0;0;0;0;0.2;0.675;-9.915
560;0;0;0;0;0;0;0;0.19;0.67;-9.93
561;0;0;0;0;0;0;0;0.19;0.67;-9.93
562;0;0;0;0;0;0;0;0.185;0.675;-9.93
563;0;0;0;0;0;0;0;0.18;0.68;-9.94
564;0;0;0;0;0;0;0;0.2;0.68;-9.93
565;0;0;0;0;0;0;0;0.19;0.68;-9.93
566;0;0;0;0;0;0;0;0.18;0.67;-9.94
567;0;0;0;0;0;0;0;0.19;0.68;-9.94
568;0;0;0;0;0;0;0;0.19;0.68;-9.92
569;0;0;0;0;0;0;0;0.205;0.68;-9.915
570;0;0;0;0;0;0;0;0.19;0.68;-9.94
571;0;0;0;0;0;0;0;0.2;0.68;-9.93
572;0;0;0;0;0;0;0;0.19;0.67;-9.93
573;0;0;0;0;0;0;0;0.18;0.68;-9.935
574;0;0;0;0;0;0;0;0.18;0.67;-9.92
575;0;0;0;0;0;0;0;0.18;0.68;-9.92
576;0;0;0;0;0;0;0;0.19;0.67;-9.92
577;0;0;0;0;0;0;0;0.19;0.68;-9.94
578;0;0;0;0;0;0;0;0.18;0.68;-9.935
579;0;0;0;0;0;0;0;0.19;0.67;-9.93
580;0;0;0;0;0;0;0;0.185;0.675;-9.94
581;0;0;0;0;0;0;0;0.2;0.68;-9.95
582;0;0;0;0;0;0;0;0.18;0.66;-9.94
583;0;0;0;0;0;0;0;0.18;0.68;-9.93
584;0;0;0;0;0;0;0;0.17;0.69;-9.94
585;0;0;0;0;0;0;0;0.19;0.68;-9.92
586;0;0;0;0;0;0;0;0.18;0.69;-9.925
587;0;0;0;0;0;0;0;0.18;0.68;-9.95
588;0;0;0;0;0;0;0;0.18;0.68;-9.905
589;0;0;0;0;0;0;0;0.18;0.68;-9.94
590;0;0;0;0;0;0;0;0.19;0.67;-9.93
591;0;0;0;0;0;0;0;0.19;0.68;-9.93
592;0;0;0;0;0;0;0;0.19;0.66;-9.94
593;0;0;0;0;0;0;0;0.2;0.67;-9.93
594;0;0;0;0;0;0;0;0.19;0.67;-9.93
595;0;0;0;0;0;0;0;0.19;0.67;-9.93
596;0;0;0;0;0;0;0;0.18;0.69;-9.94
597;0;0;0;0;0;0;0;0.2;0.67;-9.92
598;0;0;0;0;0;0;0;0.18;0.68;-9.95
599;0;0;0;0;0;0;0;0.17;0.68;-9.95
600;0;0;0;0;0;0;0;0.195;0.675;-9.955
601;0;0;0;0;0;0;0;0.18;0.675;-9.93
602;0;0;0;0;0;0;0;0.195;0.67;-9.94
603;0;0;0;0;0;0;0;0.19;0.655;-9.95
604;0;0;0;0;0;0;0;0.18;0.66;-9.91
605;0;0;0;0;0;0;0;0.19;0.675;-9.93
606;0;0;0;0;0;0;0;0.19;0.67;-9.94
607;0;0;0;0;0;0;0;0.2;0.68;-9.92
608;0;0;0;0;0;0;0;0.19;0.7;-9.96
609;0;0;0;0;0;0;0;0.2;0.65;-9.94
610;0;0;0;0;0;0;0;0.19;0.67;-9.94
611;0;0;0;0;0;0;0;0.18;0.68;-9.93
612;0;0;0;0;0;0;0;0.18;0.68;-9.94
613;0;0;0;0;0;0;0;0.19;0.68;-9.94
614;0;0;0;0;0;0;0;0.175;0.67;-9.905
615;0;0;0;0;0;0;0;0.18;0.68;-9.925
616;0;0;0;0;0;0;0;0.18;0.675;-9.93
617;0;0;0;0;0;0;0;0.18;0.68;-9.94
618;0;0;0;0;0;0;0;0.2;0.68;-9.93
619;0;0;0;0;0;0;0;0.19;0.67;-9.91
620;0;0;0;0;0;0;0;0.19;0.68;-9.94
621;0;0;0;0;0;0;0;0.2;0.68;-9.92
622;0;0;0;0;0;0;0;0.18;0.68;-9.92
623;0;0;0;0;0;0;0;0.185;0.68;-9.92
624;0;0;0;0;0;0;0;0.19;0.68;-9.92
625;0;0;0;0;0;0;0;0.195;0.68;-9.925
626;0;0;0;0;0;0;0;0.18;0.68;-9.94
627;0;0;0;0;0;0;0;0.195;0.67;-9.92
628;0;0;0;0;0;0;0;0.205;0.68;-9.93
629;0;0;0;0;0;0;0;0.18;0.68;-9.93
630;0;0;0;0;0;0;0;0.185;0.68;-9.94
631;0;0;0;0;0;0;0;0.19;0.68;-9.92
632;0;0;0;0;0;0;0;0.18;0.68;-9.92
633;0;0;0;0;0;0;0;0.19;0.69;-9.93
634;0;0;0;0;0;0;0;0.19;0.68;-9.93
635;0;0;0;0;0;0;0;0.18;0.68;-9.93
636;0;0;0;0;0;0;0;0.19;0.67;-9.94
637;0;0;0;0;0;0;0;0.19;0.67;-9.91
638;0;0;0;0;0;0;0;0.19;0.67;-9.925
639;0;0;0;0;0;0;0;0.18;0.68;-9.935
640;0;0;0;0;0;0;0;0.19;0.67;-9.91
641;0;0;0;0;0;0;0;0.19;0.68;-9.92
642;0;0;0;0;0;0;0;0.18;0.67;-9.925
643;0;0;0;0;0;0;0;0.17;0.68;-9.93
644;0;0;0;0;0;0;0;0.18;0.68;-9.955
645;0;0;0;0;0;0;0;0.19;0.68;-9.94
646;0;0;0;0;0;0;0;0.18;0.68;-9.94
647;0;0;0;0;0;0;0;0.2;0.67;-9.925
648;0;0;0;0;0;0;0;0.18;0.67;-9.92
649;0;0;0;0;0;0;0;0.19;0.68;-9.94
650;0.00111111;0;0;0;0;0;0;0.19;0.68;-9.96
651;0;0;0;0;0;0;0;0.19;0.69;-9.93
652;0;0;0;0;0;0;0;0.19;0.68;-9.93
653;0;0;0;0;0;0;0;0.185;0.68;-9.945
654;0;0;0;0;0;0;0;0.18;0.68;-9.94
655;0;0;0;0;0;0;0;0.18;0.68;-9.94
656;0;0;0;0;0;0;0;0.175;0.67;-9.92
657;0;0;0;0;0;0;0;0.2;0.675;-9.92
658;0;0;0;0;0;0;0;0.19;0.68;-9.94
659;0;0;0;0;0;0;0;0.18;0.68;-9.92
660;0;0;0;0;0;0;0;0.19;0.68;-9.93
661;0;0;0;0;0;0;0;0.18;0.68;-9.94
662;0;0;0;0;0;0;0;0.19;0.675;-9.91
663;0;0;0;0;0;0;0;0.185;0.675;-9.93
664;0;0;0;0;0;0;0;0.2;0.68;-9.93
665;0;0;0;0;0;0;0;0.19;0.68;-9.92
666;0;0;0;0;0;0;0;0.19;0.675;-9.94
667;0;0;0;0;0;0;0;0.19;0.68;-9.92
668;0;0;0;0;0;0;0;0.18;0.68;-9.93
669;0;0;0;0;0;0;0;0.19;0.68;-9.92
670;0;0;0;0;0;0;0;0.2;0.67;-9.92
671;0;0;0;0;0;0;0;0.19;0.67;-9.935
672;0;0;0;0;0;0;0;0.19;0.68;-9.93
673;0;0;0;0;0;0;0;0.175;0.675;-9.92
674;0;0;0;0;0;0;0;0.19;0.68;-9.92
675;0;0;0;0;0;0;0;0.18;0.68;-9.93
676;0;0;0;0;0;0;0;0.16;0.68;-9.93
677;0;0;0;0;0;0;0;0.19;0.68;-9.94
678;0;0;0;0;0;0;0;0.19;0.68;-9.915
679;0;0;0;0;0;0;0;0.18;0.68;-9.955
680;0;0;0;0;0;0;0;0.17;0.67;-9.94
681;0;0;0;0;0;0;0;0.18;0.68;-9.92
682;0;0;0;0;0;0;0;0.2;0.69;-9.92
683;0;0;0;0;0;0;0;0.19;0.68;-9.93
684;0;0;0;0;0;0;0;0.18;0.68;-9.92
685;0;0;0;0;0;0;0;0.2;0.68;-9.93
686;0;0;0;0;0;0;0;0.19;0.68;-9.92
687;0;0;0;0;0;0;0;0.18;0.675;-9.92
688;0;0;0;0;0;0;0;0.19;0.68;-9.93
689;0;0;0;0;0;0;0;0.185;0.67;-9.93
690;0;0;0;0;0;0;0;0.19;0.68;-9.925
691;0;0;0;0;0;0;0;0.19;0.68;-9.92
692;0;0;0;0;0;0;0;0.18;0.68;-9.94
693;0;0;0;0;0;0;0;0.185;0.685;-9.92
694;0;0;0;0;0;0;0;0.2;0.68;-9.93
695;0;0;0;0;0;0;0;0.18;0.68;-9.92
696;0;0;0;0;0;0;0;0.19;0.68;-9.925
697;0;0;0;0;0;0;0;0.19;0.67;-9.93
698;0;0;0;0;0;0;0;0.18;0.67;-9.92
699;0;0;0;0;0;0;0;0.19;0.68;-9.93
700;0;0;0;0;0;0;0;0.2;0.67;-9.94
701;0;0;0;0;0;0;0;0.185;0.68;-9.935
702;0;0;0;0;0;0;0;0.19;0.68;-9.95
703;0;0;0;0;0;0;0;0.19;0.68;-9.93
704;0;0;0;0;0;0;0;0.19;0.68;-9.93
705;0;0;0;0;0;0;0;0.18;0.68;-9.94
706;0;0;0;0;0;0;0;0.19;0.68;-9.94
707;0;0;0;0;0;0;0;0.18;0.68;-9.94
708;0;0;0;0;0;0;0;0.19;0.67;-9.93
709;0;0;0;0;0;0;0;0.19;0.68;-9.92
710;0;0;0;0;0;0;0;0.19;0.68;-9.93
711;0;0;0;0;0;0;0;0.18;0.69;-9.91
712;0;0;0;0;0;0;0;0.18;0.68;-9.92
713;0;0;0;0;0;0;0;0.19;0.68;-9.92
714;0;0;0;0;0;0;0;0.18;0.675;-9.935
715;0;0;0;0;0;0;0;0.18;0.67;-9.94
716;0;0;0;0;0;0;0;0.19;0.66;-9.91
717;0;0;0;0;0;0;0;0.19;0.68;-9.93
718;0;0;0;0;0;0;0;0.19;0.67;-9.92
719;0;0;0;0;0;0;0;0.18;0.68;-9.94
720;0;0;0;0;0;0;0;0.19;0.68;-9.94
721;0;0;0;0;0;0;0;0.18;0.68;-9.935
722;0;0;0;0;0;0;0;0.18;0.68;-9.93
723;0;0;0;0;0;0;0;0.18;0.67;-9.93
724;0;0;0;0;0;0;0;0.18;0.68;-9.92
725;0;0;0;0;0;0;0;0.18;0.68;-9.93
726;0;0;0;0;0;0;0;0.195;0.68;-9.93
727;0;0;0;0;0;0;0;0.18;0.68;-9.94
728;0;0;0;0;0;0;0;0.19;0.68;-9.93
729;0;0;0;0;0;0;0;0.19;0.68;-9.93
730;0;0;0;0;0;0;0;0.19;0.67;-9.935
731;0;0;0;0;0;0;0;0.18;0.67;-9.92
732;0;0;0;0;0;0;0;0.185;0.68;-9.94
733;0;0;0;0;0;0;0;0.19;0.68;-9.93
734;0;0;0;0;0;0;0;0.19;0.68;-9.93
735;0;0;0;0;0;0;0;0.19;0.68;-9.925
736;0;0;0;0;0;0;0;0.18;0.67;-9.94
737;0;0;0;0;0;0;0;0.19;0.68;-9.93
738;0;0;0;0;0;0;0;0.19;0.68;-9.92
739;0;0;0;0;0;0;0;0.18;0.68;-9.93
740;0;0;0;0;0;0;0;0.19;0.675;-9.93
741;0;0;0;0;0;0;0;0.18;0.67;-9.92
742;0;0;0;0;0;0;0;0.19;0.67;-9.92
743;0;0;0;0;0;0;0;0.19;0.68;-9.93
744;0;0;0;0;0;0;0;0.19;0.68;-9.91
745;0;0;0;0;0;0;0;0.19;0.68;-9.94
746;0;0;0;0;0;0;0;0.19;0.68;-9.93
747;0;0;0;0;0;0;0;0.18;0.675;-9.94
748;0;0;0;0;0;0;0;0.18;0.68;-9.94
749;0;0;0;0;0;0;0;0.195;0.68;-9.96
750;0;0;0;0;0;0;0;0.2;0.68;-9.94
751;0;0;0;0;0;0;0;0.18;0.68;-9.93
752;0;0;0;0;0;0;0;0.19;0.68;-9.92
753;0;0;0;0;0;0;0;0.18;0.68;-9.94
754;0;0;0;0;0;0;0;0.19;0.68;-9.93
755;0;0;0;0;0;0;0;0.17;0.68;-9.915
756;0;0;0;0;0;0;0;0.19;0.68;-9.93
757;0;0;0;0;0;0;0;0.19;0.68;-9.92
758;0;0;0;0;0;0;0;0.18;0.68;-9.94
759;0;0;0;0;0;0;0;0.19;0.68;-9.95
760;0;0;0;0;0;0;0;0.19;0.675;-9.93
761;0;0;0;0;0;0;0;0.185;0.68;-9.925
762;0;0;0;0;0;0;0;0.18;0.67;-9.94
763;0;0;0;0;0;0;0;0.175;0.67;-9.935
764;0;0;0;0;0;0;0;0.19;0.675;-9.94
765;0;0;0;0;0;0;0;0.18;0.675;-9.92
766;0;0;0;0;0;0;0;0.2;0.67;-9.92
767;0;0;0;0;0;0;0;0.19;0.68;-9.945
768;0;0;0;0;0;0;0;0.18;0.67;-9.91
769;0;0;0;0;0;0;0;0.19;0.67;-9.93
770;0;0;0;0;0;0;0;0.18;0.675;-9.915
771;0;0;0;0;0;0;0;0.19;0.67;-9.92
772;0;0;0;0;0;0;0;0.18;0.68;-9.93
773;0;0;0;0;0;0;0;0.19;0.675;-9.93
774;0;0;0;0;0;0;0;0.18;0.67;-9.93
775;0;0;0;0;0;0;0;0.19;0.68;-9.94
776;0;0;0;0;0;0;0;0.185;0.68;-9.92
777;0;0;0;0;0;0;0;0.17;0.68;-9.94
778;0;0;0;0;0;0;0;0.19;0.675;-9.93
779;0;0;0;0;0;0;0;0.18;0.68;-9.94
780;0;0;0;0;0;0;0;0.18;0.68;-9.94
781;0;0;0;0;0;0;0;0.18;0.69;-9.91
782;0;0;0;0;0;0;0;0.18;0.69;-9.91
783;0;0;0;0;0;0;0;0.19;0.67;-9.93
784;0;0;0;0;0;0;0;0.18;0.67;-9.94
785;0;0;0;0;0;0;0;0.18;0.675;-9.945
786;0;0;0;0;0;0;0;0.19;0.67;-9.94
787;0;0;0;0;0;0;0;0.185;0.69;-9.925
788;0;0;0;0;0;0;0;0.19;0.68;-9.94
789;0;0;0;0;0;0;0;0.18;0.67;-9.94
790;0;0;0;0;0;0;0;0.19;0.68;-9.935
791;0;0;0;0;0;0;0;0.19;0.68;-9.945
792;0;0;0;0;0;0;0;0.19;0.68;-9.945
793;0;0;0;0;0;0;0;0.18;0.69;-9.95
794;0;0;0;0;0;0;0;0.18;0.68;-9.93
795;0;0;0;0;0;0;0;0.19;0.68;-9.93
796;0;0;0;0;0;0;0;0.19;0.68;-9.915
797;0;0;0;0;0;0;0;0.2;0.68;-9.93
798;0;0;0;0;0;0;0;0.185;0.68;-9.93
799;0;0;0;0;0;0;0;0.18;0.68;-9.91
800;0;0;0;0;0;0;0;0.19;0.68;-9.935
801;0;0;0;0;0;0;0;0.17;0.67;-9.92
802;0;0;0;0;0;0;0;0.17;0.68;-9.94
803;0;0;0;0;0;0;0;0.18;0.68;-9.91
804;0;0;0;0;0;0;0;0.185;0.675;-9.93
805;0;0;0;0;0;0;0;0.18;0.68;-9.92
806;0;0;0;0;0;0;0;0.19;0.68;-9.94
807;0;0;0;0;0;0;0;0.19;0.68;-9.925
808;0;0;0;0;0;0;0;0.19;0.68;-9.93
809;0;0;0;0;0;0;0;0.18;0.68;-9.94
810;0;0;0;0;0;0;0;0.19;0.68;-9.93
811;0;0;0;0;0;0;0;0.19;0.68;-9.92
812;0;0;0;0;0;0;0;0.19;0.68;-9.94
813;0;0;0;0;0;0;0;0.18;0.68;-9.92
814;0;0;0;0;0;0;0;0.19;0.675;-9.92
815;0;0;0;0;0;0;0;0.185;0.685;-9.94
816;0;0;0;0;0;0;0;0.2;0.68;-9.935
817;0;0;0;0;0;0;0;0.175;0.68;-9.935
818;0;0;0;0;0;0;0;0.18;0.68;-9.93
819;0;0;0;0;0;0;0;0.19;0.68;-9.925
820;0;0;0;0;0;0;0;0.2;0.68;-9.94
821;0;0;0;0;0;0;0;0.19;0.68;-9.93
822;0;0;0;0;0;0;0;0.18;0.68;-9.91
823;0;0;0;0;0;0;0;0.2;0.675;-9.93
824;0;0;0;0;0;0;0;0.18;0.67;-9.93
825;0;0;0;0;0;0;0;0.19;0.67;-9.92
826;0;0;0;0;0;0;0;0.19;0.68;-9.92
827;0;0;0;0;0;0;0;0.19;0.68;-9.945
828;0;0;0;0;0;0;0;0.2;0.68;-9.92
829;0;0;0;0;0;0;0;0.17;0.68;-9.91
830;0;0;0;0;0;0;0;0.18;0.68;-9.91
831;0;0;0;0;0;0;0;0.175;0.67;-9.925
832;0;0;0;0;0;0;0;0.19;0.68;-9.95
833;0;0;0;0;0;0;0;0.18;0.68;-9.94
834;0;0;0;0;0;0;0;0.18;0.68;-9.93
835;0;0;0;0;0;0;0;0.185;0.68;-9.94
836;0;0;0;0;0;0;0;0.19;0.68;-9.93
837;0;0;0;0;0;0;0;0.19;0.68;-9.93
838;0;0;0;0;0;0;0;0.18;0.68;-9.93
839;0;0;0;0;0;0;0;0.19;0.68;-9.91
840;0;0;0;0;0;0;0;0.18;0.67;-9.925
841;0;0;0;0;0;0;0;0.19;0.67;-9.93
842;0;0;0;0;0;0;0;0.195;0.68;-9.925
843;0;0;0;0;0;0;0;0.19;0.68;-9.95
844;0;0;0;0;0;0;0;0.2;0.67;-9.92
845;0;0;0;0;0;0;0;0.19;0.68;-9.93
846;0;0;0;0;0;0;0;0.19;0.67;-9.93
847;0;0;0;0;0;0;0;0.19;0.68;-9.93
848;0;0;0;0;0;0;0;0.19;0.67;-9.93
849;0;0;0;0;0;0;0;0.19;0.67;-9.92
850;0;0;0;0;0;0;0;0.18;0.67;-9.92
851;0;0;0;0;0;0;0;0.19;0.67;-9.95
852;0;0;0;0;0;0;0;0.19;0.68;-9.95
853;0;0;0;0;0;0;0;0.19;0.68;-9.94
854;0;0;0;0;0;0;0;0.19;0.68;-9.93
855;0;0;0;0;0;0;0;0.18;0.67;-9.94
856;0;0;0;0;0;0;0;0.21;0.68;-9.91
857;0;0;0;0;0;0;0;0.19;0.68;-9.94
858;0;0;0;0;0;0;0;0.18;0.67;-9.95
859;0;0;0;0;0;0;0;0.19;0.68;-9.93
860;0;0;0;0;0;0;0;0.18;0.68;-9.92
861;0;0;0;0;0;0;0;0.19;0.67;-9.95
862;0;0;0;0;0;0;0;0.19;0.68;-9.92
863;0;0;0;0;0;0;0;0.19;0.68;-9.93
864;0;0;0;0;0;0;0;0.18;0.68;-9.93
865;0;0;0;0;0;0;0;0.19;0.67;-9.92
866;0;0;0;0;0;0;0;0.18;0.67;-9.93
867;0;0;0;0;0;0;0;0.18;0.67;-9.93
868;0;0;0;0;0;0;0;0.19;0.67;-9.93
869;0;0;0;0;0;0;0;0.18;0.68;-9.93
870;0;0;0;0;0;0;0;0.19;0.68;-9.94
871;0;0;0;0;0;0;0;0.19;0.68;-9.93
872;0;0;0;0;0;0;0;0.19;0.67;-9.92
873;0;0;0;0;0;0;0;0.19;0.67;-9.93
874;0;0;0;0;0;0;0;0.19;0.68;-9.94
875;0;0;0;0;0;0;0;0.19;0.66;-9.93
876;0;0;0;0;0;0;0;0.19;0.675;-9.925
877;0;0;0;0;0;0;0;0.19;0.66;-9.93
878;0;0;0;0;0;0;0;0.2;0.67;-9.93
879;0;0;0;0;0;0;0;0.19;0.68;-9.93
880;0;0;0;0;0;0;0;0.18;0.68;-9.93
881;0;0;0;0;0;0;0;0.185;0.67;-9.92
882;0;0;0;0;0;0;0;0.18;0.67;-9.925
883;0;0;0;0;0;0;0;0.2;0.67;-9.93
884;0;0;0;0;0;0;0;0.22;0.67;-9.9
885;0;0;0;0;0;0;0;0.185;0.68;-9.94
886;0;0;0;0;0;0;0;0.195;0.675;-9.92
887;0;0;0;0;0;0;0;0.2;0.66;-9.92
888;0;0;0;0;0;0;0;0.18;0.67;-9.96
889;0;0;0;0;0;0;0;0.19;0.67;-9.94
890;0;0;0;0;0;0;0;0.2;0.68;-9.92
891;0;0;0;0;0;0;0;0.18;0.68;-9.93
892;0;0;0;0;0;0;0;0.19;0.68;-9.915
893;0;0;0;0;0;0;0;0.18;0.67;-9.93
894;0;0;0;0;0;0;0;0.18;0.68;-9.92
895;0;0;0;0;0;0;0;0.19;0.675;-9.93
896;0;0;0;0;0;0;0;0.19;0.71;-9.91
897;0;0;0;0;0;0;0;0.19;0.66;-9.91
898;0;0;0;0;0;0;0;0.19;0.675;-9.92
899;0;0;0;0;0;0;0;0.19;0.67;-9.91
900;0;0;0;0;0;0;0;0.18;0.67;-9.92
901;0;0;0;0;0;0;0;0.18;0.68;-9.92
902;0;0;0;0;0;0;0;0.2;0.68;-9.92
903;0;0;0;0;0;0;0;0.19;0.68;-9.94
904;0;0;0;0;0;0;0;0.19;0.68;-9.9
905;0;0;0;0;0;0;0;0.185;0.665;-9.95
906;0;0;0;0;0;0;0;0.2;0.68;-9.93
907;0;0;0;0;0;0;0;0.19;0.68;-9.94
908;0;0;0;0;0;0;0;0.205;0.67;-9.935
909;0;0;0;0;0;0;0;0.19;0.68;-9.95
910;0;0;0;0;0;0;0;0.185;0.675;-9.91
911;0;0;0;0;0;0;0;0.19;0.68;-9.98
912;0;0;0;0;0;0;0;0.19;0.675;-9.93
913;0;0;0;0;0;0;0;0.19;0.67;-9.93
914;0;0;0;0;0;0;0;0.19;0.68;-9.92
915;0;0;0;0;0;0;0;0.2;0.68;-9.93
916;0;0;0;0;0;0;0;0.2;0.68;-9.93
917;0;0;0;0;0;0;0;0.19;0.68;-9.95
918;0;0;0;0;0;0;0;0.195;0.68;-9.935
919;0;0;0;0;0;0;0;0.2;0.68;-9.93
920;0;0;0;0;0;0;0;0.19;0.68;-9.94
921;0;0;0;0;0;0;0;0.19;0.675;-9.905
922;0;0;0;0;0;0;0;0.2;0.67;-9.93
923;0;0;0;0;0;0;0;0.19;0.68;-9.93
924;0;0;0;0;0;0;0;0.19;0.68;-9.935
925;0;0;0;0;0;0;0;0.19;0.68;-9.92
926;0;0;0;0;0;0;0;0.19;0.68;-9.92
927;0;0;0;0;0;0;0;0.18;0.67;-9.94
928;0;0;0;0;0;0;0;0.19;0.67;-9.93
929;0;0;0;0;0;0;0;0.19;0.67;-9.94
930;0;0;0;0;0;0;0;0.18;0.67;-9.95
931;0;0;0;0;0;0;0;0.19;0.68;-9.93
932;0;0;0;0;0;0;0;0.2;0.68;-9.94
933;0;0;0;0;0;0;0;0.185;0.68;-9.965
934;0;0;0;0;0;0;0;0.18;0.685;-9.92
935;0;0;0;0;0;0;0;0.19;0.69;-9.95
936;0;0;0;0;0;0;0;0.18;0.69;-9.94
937;0;0;0;0;0;0;0;0.18;0.68;-9.92
938;0;0;0;0;0;0;0;0.18;0.68;-9.93
939;0;0;0;0;0;0;0;0.18;0.68;-9.93
940;0;0;0;0;0;0;0;0.2;0.68;-9.94
941;0;0;0;0;0;0;0;0.19;0.68;-9.93
942;0;0;0;0;0;0;0;0.205;0.68;-9.91
943;0;0;0;0;0;0;0;0.19;0.695;-9.93
944;0;0;0;0;0;0;0;0.19;0.685;-9.93
945;0;0;0;0;0;0;0;0.19;0.685;-9.92
946;0;0;0;0;0;0;0;0.18;0.68;-9.92
947;0;0;0;0;0;0;0;0.19;0.68;-9.91
948;0;0;0;0;0;0;0;0.19;0.68;-9.93
949;0;0;0;0;0;0;0;0.185;0.7;-9.93
950;0;0;0;0;0;0;0;0.21;0.69;-9.91
951;0;0;0;0;0;0;0;0.195;0.7;-9.94
952;0;0;0;0;0;0;0;0.19;0.69;-9.94
953;0;0;0;0;0;0;0;0.2;0.68;-9.925
954;0;0;0;0;0;0;0;0.2;0.69;-9.91
955;0;0;0;0;0;0;0;0.185;0.69;-9.93
956;0;0;0;0;0;0;0;0.2;0.7;-9.93
957;0;0;0;0;0;0;0;0.2;0.69;-9.93
958;0;0;0;0;0;0;0;0.2;0.68;-9.93
959;0;0;0;0;0;0;0;0.2;0.695;-9.935
960;0;0;0;0;0;0;0;0.2;0.69;-9.94
961;0;0;0;0;0;0;0;0.19;0.69;-9.93
962;0;0;0;0;0;0;0;0.2;0.68;-9.94
963;0;0;0;0;0;0;0;0.2;0.7;-9.945
964;0;0;0;0;0;0;0;0.2;0.69;-9.92
965;0;0;0;0;0;0;0;0.2;0.7;-9.93
966;0;0;0;0;0;0;0;0.19;0.69;-9.94
967;0;0;0;0;0;0;0;0.21;0.69;-9.93
968;0;0;0;0;0;0;0;0.2;0.69;-9.92
969;0;0;0;0;0;0;0;0.19;0.69;-9.93
970;0;0;0;0;0;0;0;0.19;0.68;-9.91
971;0;0;0;0;0;0;0;0.19;0.68;-9.93
972;0;0;0;0;0;0;0;0.18;0.69;-9.94
973;0;0;0;0;0;0;0;0.2;0.69;-9.94
974;0;0;0;0;0;0;0;0.195;0.69;-9.92
975;0;0;0;0;0;0;0;0.2;0.68;-9.93
976;0;0;0;0;0;0;0;0.2;0.69;-9.925
977;0;0;0;0;0;0;0;0.19;0.69;-9.93
978;0;0;0;0;0;0;0;0.18;0.69;-9.93
979;0;0;0;0;0;0;0;0.19;0.685;-9.92
980;0;0;0;0;0;0;0;0.19;0.68;-9.935
981;0;0;0;0;0;0;0;0.185;0.68;-9.91
982;0;0;0;0;0;0;0;0.19;0.68;-9.95
983;0;0;0;0;0;0;0;0.19;0.68;-9.94
984;0;0;0;0;0;0;0;0.18;0.67;-9.92
985;0;0;0;0;0;0;0;0.19;0.69;-9.92
986;0;0;0;0;0;0;0;0.195;0.68;-9.94
987;0;0;0;0;0;0;0;0.19;0.68;-9.93
988;0;0;0;0;0;0;0;0.195;0.68;-9.93
989;0;0;0;0;0;0;0;0.19;0.68;-9.93
990;0;0;0;0;0;0;0;0.19;0.675;-9.92
991;0;0;0;0;0;0;0;0.185;0.68;-9.935
992;0;0;0;0;0;0;0;0.19;0.68;-9.93
993;0;0;0;0;0;0;0;0.2;0.69;-9.91
994;0;0;0;0;0;0;0;0.19;0.68;-9.93
995;0;0;0;0;0;0;0;0.19;0.69;-9.93
996;0.000555556;0;0;0;0;0;0;0.2;0.695;-9.935
997;0;0;0;0;0;0;0;0.2;0.68;-9.94
998;0;0;0;0;0;0;0;0.19;0.68;-9.925
999;0;0;0;0;0;0;0;0.19;0.68;-9.92
1000;0;0;0;0;0;0;0;0.19;0.68;-9.93
1001;0;0;0;0;0;0;0;0.19;0.68;-9.93
1002;0;0;0;0;0;0;0;0.19;0.685;-9.94
1003;0;0;0;0;0;0;0;0.19;0.68;-9.95
1004;0;0;0;0;0;0;0;0.18;0.68;-9.94
1005;0;0;0;0;0;0;0;0.19;0.68;-9.93
1006;0;0;0;0;0;0;0;0.19;0.685;-9.93
1007;0;0;0;0;0;0;0;0.19;0.68;-9.945
1008;0;0;0;0;0;0;0;0.19;0.68;-9.93
1009;0;0;0;0;0;0;0;0.18;0.67;-9.94
1010;0;0;0;0;0;0;0;0.19;0.68;-9.94
1011;0;0;0;0;0;0;0;0.19;0.68;-9.94
1012;0;0;0;0;0;0;0;0.205;0.68;-9.93
1013;0;0;0;0;0;0;0;0.19;0.68;-9.94
1014;0;0;0;0;0;0;0;0.2;0.68;-9.92
1015;0;0;0;0;0;0;0;0.165;0.68;-9.92
1016;0;0;0;0;0;0;0;0.18;0.68;-9.92
1017;0;0;0;0;0;0;0;0.195;0.68;-9.935
1018;0;0;0;0;0;0;0;0.19;0.68;-9.92
1019;0;0;0;0;0;0;0;0.19;0.68;-9.92
1020;0;0;0;0;0;0;0;0.19;0.68;-9.925
1021;0;0;0;0;0;0;0;0.19;0.68;-9.925
1022;0;0;0;0;0;0;0;0.19;0.68;-9.93
1023;0;0;0;0;0;0;0;0.2;0.68;-9.93
1024;0;0;0;0;0;0;0;0.18;0.68;-9.93
1025;0;0;0;0;0;0;0;0.19;0.68;-9.91
1026;0;0;0;0;0;0;0;0.19;0.68;-9.93
1027;0;0;0;0;0;0;0;0.19;0.68;-9.92
1028;0;0;0;0;0;0;0;0.18;0.68;-9.92
1029;0;0;0;0;0;0;0;0.19;0.68;-9.925
1030;0;0;0;0;0;0;0;0.18;0.68;-9.915
1031;0;0;0;0;0;0;0;0.19;0.69;-9.92
1032;0;0;0;0;0;0;0;0.19;0.69;-9.93
1033;0;0;0;0;0;0;0;0.18;0.68;-9.93
1034;0;0;0;0;0;0;0;0.2;0.68;-9.93
1035;0;0;0;0;0;0;0;0.18;0.67;-9.92
1036;0;0;0.00111111;0;0;0;0;0.195;0.68;-9.93
1037;0;0;0;0;0;0;0;0.175;0.71;-9.955
1038;0;0;0;0;0;0;0;0.2;0.68;-9.94
1039;0;0;0;0;0;0;0;0.185;0.67;-9.935
1040;0;0;0;0;0;0;0;0.18;0.68;-9.935
1041;0;0;0;0;0;0;0;0.2;0.68;-9.94
1042;0;0;0;0;0;0;0;0.18;0.68;-9.92
1043;0;0;0;0;0;0;0;0.19;0.68;-9.93
1044;0;0;0;0;0;0;0;0.19;0.68;-9.95
1045;0;0;0;0;0;0;0;0.18;0.68;-9.93
1046;0;0;0;0;0;0;0;0.19;0.69;-9.935
1047;0;0;0;0;0;0;0;0.18;0.68;-9.92
1048;0;0;0;0;0;0;0;0.2;0.68;-9.94
1049;0;0;0;0;0;0;0;0.19;0.68;-9.94
1050;0;0;0;0;0;0;0;0.195;0.69;-9.935
1051;0;0;0;0;0;0;0;0.19;0.69;-9.95
1052;0;0;0;0;0;0;0;0.185;0.68;-9.93
1053;0;0;0;0;0;0;0;0.19;0.68;-9.93
1054;0;0;0;0;0;0;0;0.19;0.68;-9.92
1055;0;0;0;0;0;0;0;0.165;0.68;-9.905
1057;-0.000555556;0;0;0;0;0;0;0.17;0.67;-9.955
1058;0;0;0;0;0;0;0;0.19;0.68;-9.915
1059;0;0;0;0;0;0;0;0.19;0.68;-9.93
1060;0;0;0;0;0;0;0;0.18;0.68;-9.93
1061;0;0;0;0;0;0;0;0.2;0.675;-9.93
1062;0;0;0;0;0;0;0;0.19;0.68;-9.93
1063;0;0;0;0;0;0;0;0.185;0.67;-9.945
1064;0;0;0;0;0;0;0;0.19;0.69;-9.92
1065;0;0;0;0;0;0;0;0.19;0.68;-9.93
1066;0;0;0;0;0;0;0;0.19;0.68;-9.92
1067;0;0;0;0;0;0;0;0.19;0.68;-9.93
1068;0;0;0;0;0;0;0;0.18;0.67;-9.92
1069;0;0;0;0;0;0;0;0.17;0.68;-9.91
1070;0;0;0;0;0;0;0;0.19;0.68;-9.92
1071;0;0;0;0;0;0;0;0.19;0.675;-9.93
1072;0;0;0;0;0;0;0;0.19;0.68;-9.94
1073;0;0;0;0;0;0;0;0.19;0.68;-9.93
1074;0;0;0;0;0;0;0;0.17;0.68;-9.93
1075;0;0;0;0;0;0;0;0.2;0.68;-9.94
1076;0;0;0;0;0;0;0;0.18;0.67;-9.93
1077;0;0;0;0;0;0;0;0.2;0.68;-9.94
1078;0;0;0;0;0;0;0;0.19;0.67;-9.92
1079;0;0;0;0;0;0;0;0.19;0.67;-9.93
1080;0;0;0;0;0;0;0;0.185;0.68;-9.93
1081;0;0;0;0;0;0;0;0.19;0.68;-9.93
1082;0;0;0;0;0;0;0;0.19;0.68;-9.925
1083;0;0;0;0;0;0;0;0.19;0.68;-9.93
1084;0;0;0;0;0;0;0;0.18;0.68;-9.91
1085;0;0;0;0;0;0;0;0.19;0.66;-9.92
1086;0;0;0;0;0;0;0;0.18;0.68;-9.92
1087;0;0;0;0;0;0;0;0.18;0.68;-9.92
1088;0;0;0;0;0;0;0;0.19;0.68;-9.92
1089;0;0;0;0;0;0;0;0.19;0.69;-9.94
1090;0;0;0;0;0;0;0;0.185;0.68;-9.93
1091;0;0;0;0;0;0;0;0.19;0.69;-9.92
1092;0;0;0;0;0;0;0;0.18;0.68;-9.93
1093;0;0;0;0;0;0;0;0.18;0.68;-9.94
1094;0;0;0;0;0;0;0;0.19;0.68;-9.91
1095;0;0;0;0;0;0;0;0.205;0.68;-9.925
1096;0;0;0;0;0;0;0;0.19;0.68;-9.92
1097;0;0;0;0;0;0;0;0.18;0.68;-9.94
1098;0;0;0;0;0;0;0;0.19;0.69;-9.94
1099;0;0;0;0;0;0;0;0.19;0.68;-9.92
1100;0;0;0;0;0;0;0;0.19;0.665;-9.91
1101;0;0;0;0;0;0;0;0.19;0.68;-9.925
1102;0;0;0;0;0;0;0;0.185;0.68;-9.925
1103;0;0;0;0;0;0;0;0.18;0.68;-9.93
1104;0;0;0;0;0;0;0;0.19;0.675;-9.935
1105;0;0;0;0;0;0;0;0.18;0.68;-9.94
1106;0;0;0;0;0;0;0;0.19;0.68;-9.93
1107;0;0;0;0;0;0;0;0.18;0.68;-9.92
1108;0;0;0;0;0;0;0;0.19;0.68;-9.95
1109;0;0;0;0;0;0;0;0.19;0.68;-9.94
1110;0;0;0;0;0;0;0;0.2;0.68;-9.92
1111;0;0;0;0;0;0;0;0.2;0.68;-9.925
1112;0;0;0;0;0;0;0;0.19;0.675;-9.91
1113;0;0;0;0;0;0;0;0.19;0.67;-9.93
1114;0;0;0;0;0;0;0;0.18;0.68;-9.92
1115;0;0;0;0;0;0;0;0.18;0.68;-9.92
1116;0;0;0;0;0;0;0;0.19;0.68;-9.91
1117;0;0;0;0;0;0;0;0.19;0.68;-9.91
1118;0;0;0;0;0;0;0;0.18;0.68;-9.92
1119;0;0;0;0;0;0;0;0.18;0.68;-9.925
1120;0;0;0;0;0;0;0;0.2;0.68;-9.94
1121;0;0;0;0;0;0;0;0.19;0.68;-9.92
1122;0;0;0;0;0;0;0;0.19;0.68;-9.915
1123;0;0;0;0;0;0;0;0.19;0.68;-9.92
1124;0;0;0;0;0;0;0;0.2;0.68;-9.93
1125;0;0;0;0;0;0;0;0.19;0.69;-9.93
1126;0;0;0;0;0;0;0;0.19;0.68;-9.93
1127;0;0;0;0;0;0;0;0.19;0.68;-9.94
1128;0;0;0;0;0;0;0;0.18;0.68;-9.935
1129;0;0;0;0;0;0;0;0.19;0.68;-9.94
1130;0;0;0;0;0;0;0;0.18;0.68;-9.94
1131;0;0;0;0;0;0;0;0.195;0.68;-9.93
1132;0;0;0;0;0;0;0;0.18;0.68;-9.92
1133;0;0;0;0;0;0;0;0.19;0.68;-9.93
1134;0;0;0;0;0;0;0;0.2;0.68;-9.92
1135;0;0;0;0;0;0;0;0.19;0.68;-9.92
1136;0;0;0;0;0;0;0;0.18;0.67;-9.93
1137;0;0;0;0;0;0;0;0.17;0.68;-9.93
1138;0;0;0;0;0;0;0;0.18;0.66;-9.93
1139;0;0;0;0;0;0;0;0.18;0.68;-9.92
1140;0;0;0;0;0;0;0;0.185;0.67;-9.94
1141;0;0;0;0;0;0;0;0.19;0.67;-9.955
1142;0;0;0;0;0;0;0;0.2;0.675;-9.94
1143;0;0;0;0;0;0;0;0.18;0.68;-9.93
1144;0;0;0;0;0;0;0;0.19;0.67;-9.93
1145;0;0;0;0;0;0;0;0.19;0.67;-9.93
1146;0;0;0;0;0;0;0;0.19;0.67;-9.93
1147;0;0;0;0;0;0;0;0.18;0.68;-9.92
1148;0;0;0;0;0;0;0;0.17;0.68;-9.94
1149;0;0;0;0;0;0;0;0.19;0.67;-9.93
1150;0;0;0;0;0;0;0;0.19;0.68;-9.93
1151;0;0;0;0;0;0;0;0.19;0.67;-9.92
1152;0;0;0;0;0;0;0;0.2;0.68;-9.94
1153;0;0;0;0;0;0;0;0.19;0.675;-9.915
1154;0;0;0;0;0;0;0;0.19;0.68;-9.92
1155;0;0;0;0;0;0;0;0.19;0.68;-9.92
1156;0;0;0;0;0;0;0;0.19;0.68;-9.92
1157;0;0;0;0;0;0;0;0.19;0.68;-9.94
1158;0;0;0;0;0;0;0;0.19;0.68;-9.92
1159;0;0;0;0;0;0;0;0.19;0.69;-9.93
1160;0;0;0;0;0;0;0;0.19;0.68;-9.93
1161;0;0;0;0;0;0;0;0.19;0.68;-9.9
1162;0;0;0;0;0;0;0;0.18;0.68;-9.94
1163;0;0;0;0;0;0;0;0.19;0.68;-9.925
1164;0;0;0;0;0;0;0;0.19;0.67;-9.93
1165;0;0;0;0;0;0;0;0.19;0.68;-9.92
1166;0;0;0;0;0;0;0;0.19;0.68;-9.93
1167;0;0;0;0;0;0;0;0.19;0.68;-9.93
1168;0;0;0;0;0;0;0;0.17;0.68;-9.94
1169;0;0;0;0;0;0;0;0.18;0.68;-9.93
1170;0;0;0;0;0;0;0;0.2;0.68;-9.93
1171;0;0;0;0;0;0;0;0.18;0.68;-9.945
1172;0;0;0;0;0;0;0;0.195;0.68;-9.95
1173;0;0;0;0;0;0;0;0.19;0.68;-9.94
1174;0;0;0;0;0;0;0;0.18;0.67;-9.92
1175;0;0;0;0;0;0;0;0.185;0.68;-9.93
1176;0;0;0;0;0;0;0;0.19;0.68;-9.96
1177;0;0;0;0;0;0;0;0.19;0.67;-9.94
1178;0;0;0;0;0;0;0;0.185;0.68;-9.915
1179;0;0;0;0;0;0;0;0.185;0.675;-9.94
1180;0;0;0;0;0;0;0;0.18;0.68;-9.94
1181;0;0;0;0;0;0;0;0.18;0.68;-9.93
1182;0;0;0;0;0;0;0;0.19;0.675;-9.955
1183;0;0;0;0;0;0;0;0.19;0.68;-9.94
1184;0;0;0;0;0;0;0;0.195;0.68;-9.93
1185;0;0;0;0;0;0;0;0.175;0.69;-9.935
1186;0;0;0;0;0;0;0;0.19;0.66;-9.9
1187;0;0;0;0;0;0;0;0.18;0.69;-9.92
1188;0;0;0;0;0;0;0;0.18;0.67;-9.93
1189;0;0;0;0;0;0;0;0.19;0.67;-9.94
1190;0;0;0;0;0;0;0;0.18;0.67;-9.93
1191;0;0;0;0;0;0;0;0.16;0.68;-9.92
1192;0;0;0;0;0;0;0;0.19;0.67;-9.94
1193;0;0;0;0;0;0;0;0.18;0.68;-9.95
1194;0;0;0;0;0;0;0;0.185;0.67;-9.925
1195;0;0;0;0;0;0;0;0.17;0.68;-9.95
1196;0;0;0;0;0;0;0;0.2;0.67;-9.92
1197;0;0;0;0;0;0;0;0.18;0.67;-9.935
1198;0;0;0;0;0;0;0;0.185;0.68;-9.935
1199;0;0;0;0;0;0;0;0.19;0.68;-9.94
1200;0;0;0;0;0;0;0;0.195;0.68;-9.945
1201;0;0;0;0;0;0;0;0.19;0.68;-9.92
1202;0;0;0;0;0;0;0;0.185;0.67;-9.935
1203;0;0;0;0;0;0;0;0.19;0.67;-9.93
1204;0;0;0;0;0;0;0;0.17;0.68;-9.93
1205;0;0;0;0;0;0;0;0.19;0.68;-9.925
1206;0;0;0;0;0;0;0;0.2;0.67;-9.95
1207;0;0;0;0;0;0;0;0.205;0.675;-9.935
1208;0;0;0;0;0;0;0;0.175;0.67;-9.935
1209;0;0;0;0;0;0;0;0.19;0.675;-9.955
1210;0;0;0;0;0;0;0;0.185;0.68;-9.93
1211;0;0;0;0;0;0;0;0.18;0.67;-9.93
1212;0;0;0;0;0;0;0;0.19;0.68;-9.94
1213;0;0;0;0;0;0;0;0.19;0.68;-9.92
1214;0;0;0;0;0;0;0;0.18;0.68;-9.935
1215;0;0;0;0;0;0;0;0.19;0.68;-9.94
1216;0;0;0;0;0;0;0;0.19;0.68;-9.925
1217;0;0;0;0;0;0;0;0.2;0.68;-9.94
1218;0;0;0;0;0;0;0;0.19;0.68;-9.92
1219;0;0;0;0;0;0;0;0.18;0.68;-9.94
1220;0;0;0;0;0;0;0;0.2;0.68;-9.97
1221;0;0;0;0;0;0;0;0.19;0.68;-9.93
1222;0;0;0;0;0;0;0;0.195;0.675;-9.96
1223;0;0;0;0;0;0;0;0.18;0.67;-9.93
1224;0;0;0;0;0;0;0;0.2;0.67;-9.94
1225;0;0;0;0;0;0;0;0.185;0.675;-9.93
1226;0;0;0;0;0;0;0;0.18;0.67;-9.93
1227;0;0;0;0;0;0;0;0.18;0.68;-9.92
1228;0;0;0;0;0;0;0;0.2;0.7;-9.94
1229;0;0;0;0;0;0;0;0.19;0.67;-9.94
1230;0;0;0;0;0;0;0;0.17;0.685;-9.915
1231;-0.000555556;0;0;0;0;0;0;0.19;0.68;-9.925
1232;0;0;0;0;0;0;0;0.18;0.68;-9.92
1233;0;0;0;0;0;0;0;0.205;0.67;-9.94
1234;0;0;0;0;0;0;0;0.19;0.68;-9.91
1235;0;0;0;0;0;0;0;0.19;0.68;-9.935
1236;0;0;0;0;0;0;0;0.19;0.68;-9.95
1237;0;0;0;0;0;0;0;0.19;0.68;-9.94
1238;0;0;0;0;0;0;0;0.17;0.685;-9.94
1239;0;0;0;0;0;0;0;0.18;0.67;-9.965
1240;0;0;0;0;0;0;0;0.19;0.68;-9.94
1241;0;0;0;0;0;0;0;0.19;0.68;-9.93
1242;0;0;0;0;0;0;0;0.18;0.67;-9.94
1243;0;0;0;0;0;0;0;0.18;0.68;-9.94
1244;0;0;0;0;0;0;0;0.19;0.68;-9.93
1245;0;0;0;0;0;0;0;0.19;0.68;-9.95
1246;0;0;0;0;0;0;0;0.19;0.68;-9.94
1247;0;0;0;0;0;0;0;0.18;0.675;-9.94
1248;0;0;0;0;0;0;0;0.19;0.68;-9.93
1249;0;0;0;0;0;0;0;0.18;0.68;-9.92
1250;0;0;0;0;0;0;0;0.19;0.68;-9.92
1251;0;0;0;0;0;0;0;0.18;0.68;-9.915
1252;0;0;0;0;0;0;0;0.19;0.68;-9.94
1253;0;0;0;0;0;0;0;0.18;0.67;-9.93
1254;0;0;0;0;0;0;0;0.19;0.68;-9.93
1255;0;0;0;0;0;0;0;0.18;0.68;-9.93
1256;0;0;0;0;0;0;0;0.19;0.68;-9.92
1257;0;0;0;0;0;0;0;0.19;0.68;-9.94
1258;0;0;0;0;0;0;0;0.18;0.68;-9.93
1259;0;0;0;0;0;0;0;0.19;0.68;-9.94
1260;0;0;0;0;0;0;0;0.18;0.68;-9.94
1261;0;0;0;0;0;0;0;0.19;0.67;-9.93
1262;0;0;0;0;0;0;0;0.19;0.68;-9.93
1263;0;0;0;0;0;0;0;0.19;0.67;-9.94
1264;0;0;0;0;0;0;0;0.18;0.68;-9.91
1265;0;0;0;0;0;0;0;0.18;0.67;-9.95
1266;0;0;0;0;0;0;0;0.18;0.68;-9.92
1267;0;0;0;0;0;0;0;0.19;0.68;-9.935
1268;0;0;0;0;0;0;0;0.19;0.675;-9.925
1269;0;0;0;0;0;0;0;0.19;0.68;-9.93
1270;0;0;0;0;0;0;0;0.19;0.68;-9.93
1271;0;0;0;0;0;0;0;0.175;0.67;-9.93
1272;0;0;0;0;0;0;0;0.18;0.67;-9.92
1273;0;0;0;0;0;0;0;0.2;0.68;-9.94
1274;0;0;0;0;0;0;0;0.18;0.68;-9.93
1275;0;0;0;0;0;0;0;0.19;0.68;-9.95
1276;0;0;0;0;0;0;0;0.19;0.68;-9.96
1277;0;0;0;0;0;0;0;0.18;0.68;-9.93
1278;0;0;0;0;0;0;0;0.2;0.68;-9.92
1279;0;0;0;0;0;0;0;0.19;0.68;-9.94
1280;0;0;0;0;0;0;0;0.18;0.67;-9.93
1281;0;0;0;0;0;0;0;0.185;0.675;-9.905
1282;0;0;0;0;0;0;0;0.18;0.67;-9.93
1283;0;0;0;0;0;0;0;0.18;0.68;-9.94
1284;0;0;0;0;0;0;0;0.18;0.68;-9.93
1285;0;0;0;0;0;0;0;0.19;0.68;-9.93
1286;0;0;0;0;0;0;0;0.185;0.68;-9.93
1287;0;0;0;0;0;0;0;0.18;0.67;-9.94
1288;0;0;0;0;0;0;0;0.2;0.665;-9.94
1289;0;0;0;0;0;0;0;0.19;0.68;-9.92
1290;0;0;0;0;0;0;0;0.18;0.67;-9.94
1291;0;0;0;0;0;0;0;0.19;0.67;-9.92
1292;0;0;0;0;0;0;0;0.18;0.67;-9.92
1293;0;0;0;0;0;0;0;0.18;0.67;-9.91
1294;0;0;0;0;0;0;0;0.18;0.67;-9.92
1295;0;0;0;0;0;0;0;0.185;0.67;-9.93
1296;0;0;0;0;0;0;0;0.18;0.67;-9.935
1297;0;0;0;0;0;0;0;0.18;0.67;-9.93
1298;0;0;0;0;0;0;0;0.19;0.68;-9.93
1299;0;0;0;0;0;0;0;0.19;0.67;-9.94
1300;0;0;0;0;0;0;0;0.195;0.68;-9.93
1301;0;0;0;0;0;0;0;0.19;0.68;-9.93
1302;0;0;0;0;0;0;0;0.18;0.68;-9.92
1303;0;0;0;0;0;0;0;0.2;0.68;-9.94
1304;0;0;0;0;0;0;0;0.18;0.68;-9.92
1305;0;0;0;0;0;0;0;0.19;0.67;-9.93
1306;0;0;0;0;0;0;0;0.19;0.68;-9.93
1307;0;0;0;0;0;0;0;0.18;0.68;-9.935
1308;0;0;0;0;0;0;0;0.19;0.68;-9.92
1309;0;0;0;0;0;0;0;0.185;0.68;-9.92
1310;0;0;0;0;0;0;0;0.18;0.68;-9.91
1311;0;0;0;0;0;0;0;0.185;0.69;-9.93
1312;0;0;0;0;0;0;0;0.18;0.67;-9.95
1313;0;0;0;0;0;0;0;0.19;0.67;-9.92
1314;0;0;0;0;0;0;0;0.18;0.67;-9.935
1315;0;0;0;0;0;0;0;0.19;0.68;-9.91
1316;0;0;0;0;0;0;0;0.17;0.67;-9.93
1317;0;0;0;0;0;0;0;0.18;0.67;-9.925
1318;0;0;0;0;0;0;0;0.17;0.685;-9.95
1319;0;0;0;0;0;0;0;0.2;0.68;-9.915
1320;0;0;0;0;0;0;0;0.2;0.675;-9.93
1321;0;0;0;0;0;0;0;0.2;0.68;-9.945
1322;0;0;0;0;0;0;0;0.19;0.66;-9.94
1323;0;0;0;0;0;0;0;0.19;0.68;-9.93
1324;0;0;0;0;0;0;0;0.19;0.68;-9.93
1325;0;0;0;0;0;0;0;0.2;0.68;-9.92
1326;0;0;0;0;0;0;0;0.19;0.68;-9.94
1327;0;0;0;0;0;0;0;0.18;0.68;-9.92
1328;0;0;0;0;0;0;0;0.19;0.675;-9.94
1329;0;0;0;0;0;0;0;0.18;0.67;-9.95
1330;0;0;0;0;0;0;0;0.185;0.68;-9.94
1331;0;0;0;0;0;0;0;0.18;0.68;-9.92
1332;0;0;0;0;0;0;0;0.18;0.68;-9.94
1333;0;0;0;0;0;0;0;0.185;0.68;-9.93
1334;0;0;0;0;0;0;0;0.18;0.67;-9.91
1335;0;0;0;0;0;0;0;0.19;0.68;-9.93
1336;0;0;0;0;0;0;0;0.18;0.68;-9.92
1337;0;0;0;0;0;0;0;0.19;0.68;-9.93
1338;0;0;0;0;0;0;0;0.18;0.67;-9.95
1339;0;0;0;0;0;0;0;0.19;0.68;-9.92
1340;0;0;0;0;0;0;0;0.18;0.67;-9.92
1341;0;0;0;0;0;0;0;0.18;0.68;-9.94
1342;0;0;0;0;0;0;0;0.18;0.68;-9.92
1343;0;0;0;0;0;0;0;0.175;0.67;-9.935
1344;0;0;0;0;0;0;0;0.18;0.67;-9.92
1345;0;0;0;0;0;0;0;0.185;0.68;-9.92
1346;0;0;0;0;0;0;0;0.18;0.675;-9.91
1347;0;0;0;0;0;0;0;0.18;0.67;-9.91
1348;0;0;0;0;0;0;0;0.18;0.68;-9.92
1349;0;0;0;0;0;0;0;0.19;0.66;-9.93
1350;0;0;0;0;0;0;0;0.17;0.68;-9.94
1351;0;0;0;0;0;0;0;0.19;0.68;-9.93
1352;0;0;0;0;0;0;0;0.18;0.68;-9.93
1353;0;0;0;0;0;0;0;0.21;0.685;-9.93
1354;0;0;0;0;0;0;0;0.19;0.68;-9.93
1355;0;0;0;0;0;0;0;0.18;0.68;-9.92
1356;0;0;0;0;0;0;0;0.19;0.67;-9.93
1357;0;0;0;0;0;0;0;0.18;0.68;-9.945
1358;0;0;0;0;0;0;0;0.18;0.665;-9.92
1359;0;0;0;0;0;0;0;0.19;0.68;-9.935
1360;0;0;0;0;0;0;0;0.2;0.68;-9.91
1361;0;0;0;0;0;0;0;0.19;0.68;-9.91
1362;0;0;0;0;0;0;0;0.195;0.68;-9.945
1363;0;0;0;0;0;0;0;0.2;0.68;-9.915
1364;0;0;0;0;0;0;0;0.19;0.67;-9.94
1365;0;0;0;0;0;0;0;0.19;0.68;-9.92
1366;0;0;0;0;0;0;0;0.17;0.68;-9.925
1367;0;0;0;0;0;0;0;0.18;0.68;-9.93
1368;0;0;0;0;0;0;0;0.19;0.68;-9.92
1369;0;0;0;0;0;0;0;0.19;0.68;-9.93
1370;0;0;0;0;0;0;0;0.19;0.68;-9.93
1371;0;0;0;0;0;0;0;0.19;0.68;-9.935
1372;0;0;0;0;0;0;0;0.18;0.67;-9.93
1373;0;0;0;0;0;0;0;0.19;0.67;-9.94
1374;0;0;0;0;0;0;0;0.19;0.68;-9.93
1375;0;0;0;0;0;0;0;0.2;0.68;-9.94
1376;0;0;0;0;0;0;0;0.19;0.68;-9.925
1377;0;0;0;0;0;0;0;0.19;0.68;-9.94
1378;0;0;0;0;0;0;0;0.19;0.68;-9.92
1379;0;0;0;0;0;0;0;0.19;0.68;-9.93
1380;0;0;0;0;0;0;0;0.18;0.67;-9.94
1381;0;0;0;0;0;0;0;0.18;0.68;-9.93
1382;0;0;0;0;0;0;0;0.18;0.68;-9.95
1383;0;0;0;0;0;0;0;0.18;0.68;-9.925
1384;0;0;0;0;0;0;0;0.185;0.68;-9.95
1385;0;0;0;0;0;0;0;0.19;0.68;-9.94
1386;0;0;0;0;0;0;0;0.195;0.68;-9.94
1387;0;0;0;0;0;0;0;0.18;0.67;-9.92
1388;0;0;0;0;0;0;0;0.2;0.68;-9.92
1389;0;0;0;0;0;0;0;0.19;0.675;-9.91
1390;0;0;0;0;0;0;0;0.18;0.68;-9.94
1391;0;0;0;0;0;0;0;0.19;0.68;-9.94
1392;0;0;0;0;0;0;0;0.19;0.68;-9.94
1393;0;0;0;0;0;0;0;0.18;0.68;-9.93
1394;0;0;0;0;0;0;0;0.2;0.68;-9.93
1395;0;0;0;0;0;0;0;0.2;0.67;-9.92
1396;0;0;0;0;0;0;0;0.195;0.68;-9.93
1397;0;0;0;0;0;0;0;0.19;0.68;-9.92
1398;0;0;0;0;0;0;0;0.19;0.68;-9.94
1399;0;0;0;0;0;0;0;0.18;0.68;-9.92
1400;0;0;0;0;0;0;0;0.19;0.68;-9.92
1401;0;0;0;0;0;0;0;0.19;0.68;-9.94
1402;0;0;0;0;0;0;0;0.18;0.68;-9.94
1403;0;0;0;0;0;0;0;0.19;0.69;-9.92
1404;0;0;0;0;0;0;0;0.18;0.685;-9.93
1405;0;0;0;0;0;0;0;0.19;0.68;-9.93
1406;0;0;0;0;0;0;0;0.19;0.68;-9.935
1407;0;0;0;0;0;0;0;0.19;0.67;-9.91
1408;0;0;0;0;0;0;0;0.195;0.69;-9.945
1409;0;0;0;0;0;0;0;0.17;0.68;-9.93
1410;0;0;0;0;0;0;0;0.19;0.68;-9.93
1411;0;0;0;0;0;0;0;0.185;0.68;-9.93
1412;0;0;0;0;0;0;0;0.19;0.69;-9.93
1413;0;0;0;0;0;0;0;0.19;0.69;-9.93
1414;0;0;0;0;0;0;0;0.19;0.69;-9.945
1415;0;0;0;0;0;0;0;0.19;0.68;-9.94
1416;0;0;0;0;0;0;0;0.18;0.68;-9.93
1417;0;0;0;0;0;0;0;0.19;0.68;-9.93
1418;0;0;0;0;0;0;0;0.19;0.69;-9.92
1419;0;0;0;0;0;0;0;0.19;0.68;-9.92
1420;0;0;0;0;0;0;0;0.19;0.68;-9.92
1421;0;0;0;0;0;0;0;0.19;0.69;-9.94
1422;0;0;0;0;0;0;0;0.2;0.68;-9.94
1423;0;0;0;0;0;0;0;0.19;0.68;-9.94
1424;0;0;0;0;0;0;0;0.19;0.69;-9.915
1425;0;0;0;0;0;0;0;0.19;0.68;-9.94
1426;0;0;0;0;0;0;0;0.19;0.68;-9.95
1427;0;0;0;0;0;0;0;0.19;0.68;-9.93
1428;0;0;0;0;0;0;0;0.19;0.68;-9.94
1429;0;0;0;0;0;0;0;0.19;0.69;-9.92
1430;0;0;0;0;0;0;0;0.215;0.68;-9.935
1431;0;0;0;0;0;0;0;0.18;0.68;-9.94
1432;0;0;0;0;0;0;0;0.2;0.69;-9.95
1433;0;0;0;0;0;0;0;0.18;0.68;-9.92
1434;0;0;0;0;0;0;0;0.2;0.685;-9.935
1435;0;0;0;0;0;0;0;0.18;0.68;-9.925
1436;0;0;0;0;0;0;0;0.18;0.68;-9.94
1437;0;0;0;0;0;0;0;0.2;0.69;-9.92
1438;0;0;0;0;0;0;0;0.2;0.68;-9.945
1439;0;0;0;0;0;0;0;0.18;0.68;-9.94
1440;0;0;0;0;0;0;0;0.19;0.68;-9.92
1441;0;0;0;0;0;0;0;0.19;0.69;-9.93
1442;0;0;0;0;0;0;0;0.19;0.68;-9.93
1443;0;0;0;0;0;0;0;0.19;0.68;-9.93
1444;0;0;0;0;0;0;0;0.19;0.68;-9.91
1445;0;0;0;0;0;0;0;0.19;0.69;-9.925
1446;0;0;0;0;0;0;0;0.19;0.68;-9.92
1447;0;0;0;0;0;0;0;0.2;0.68;-9.93
1448;0;0;0;0;0;0;0;0.17;0.69;-9.92
1449;0;0;0;0;0;0;0;0.185;0.67;-9.93
1450;0;0;0;0;0;0;0;0.18;0.69;-9.93
1451;0;0;0;0;0;0;0;0.19;0.67;-9.925
1452;-0.00222222;0;0;0;0;0;0;0.19;0.68;-9.91
1453;0;0;0;0;0;0;0;0.18;0.68;-9.93
1454;0;0;0;0;0;0;0;0.19;0.68;-9.92
1455;0;0;0;0;0;0;0;0.18;0.68;-9.95
1456;0;0;0;0;0;0;0;0.19;0.69;-9.94
1457;0;0;0;0;0;0;0;0.2;0.69;-9.93
1458;0;0;0;0;0;0;0;0.19;0.68;-9.94
1459;0;0;0;0;0;0;0;0.19;0.68;-9.93
1460;0;0;0;0;0;0;0;0.19;0.67;-9.93
1461;0;0;0;0;0;0;0;0.19;0.68;-9.93
1462;0;0;0;0;0;0;0;0.19;0.68;-9.93
1463;0;0;0;0;0;0;0;0.19;0.68;-9.92
1464;0;0;0;0;0;0;0;0.18;0.68;-9.94
1465;0;0;0;0;0;0;0;0.19;0.68;-9.94
1466;0;0;0;0;0;0;0;0.19;0.67;-9.93
1467;0;0;0;0;0;0;0;0.19;0.68;-9.95
1468;0;0;0;0;0;0;0;0.19;0.68;-9.94
1469;0;0;0;0;0;0;0;0.18;0.68;-9.93
1470;0;0;0;0;0;0;0;0.19;0.67;-9.96
1471;0;0;0;0;0;0;0;0.175;0.69;-9.935
1472;0;0;0;0;0;0;0;0.19;0.68;-9.925
1473;0;0;0;0;0;0;0;0.19;0.68;-9.94
1474;0;0;0;0;0;0;0;0.19;0.68;-9.94
1475;0;0;0;0;0;0;0;0.19;0.685;-9.92
1476;0;0;0;0;0;0;0;0.18;0.68;-9.95
1477;0;0;0;0;0;0;0;0.19;0.68;-9.935
1478;0;0;0;0;0;0;0;0.19;0.68;-9.92
1479;0;0;0;0;0;0;0;0.18;0.68;-9.94
1480;0;0;0;0;0;0;0;0.18;0.68;-9.945
1481;0;0;0;0;0;0;0;0.19;0.67;-9.92
1482;0;0;0;0;0;0;0;0.19;0.68;-9.94
1483;0;0;0;0;0;0;0;0.18;0.68;-9.93
1484;0;0;0;0;0;0;0;0.18;0.68;-9.91
1485;0;0;0;0;0;0;0;0.21;0.675;-9.92
1486;0;0;0;0;0;0;0;0.18;0.68;-9.93
1487;0;0;0;0;0;0;0;0.19;0.68;-9.92
1488;0;-0.00111111;0;0;0;0;0;0.18;0.68;-9.93
1489;0;0;0;0;0;0;0;0.18;0.68;-9.925
1490;0;0;0;0;0;0;0;0.18;0.68;-9.93
1491;0;0;0;0;0;0;0;0.17;0.69;-9.905
1492;0;0;0;0;0;0;0;0.18;0.66;-9.94
1493;0;0;0;0;0;0;0;0.2;0.69;-9.94
1494;0;0;0;0;0;0;0;0.17;0.68;-9.94
1495;0;0;0;0;0;0;0;0.18;0.67;-9.9
1496;0;0;0;0;0;0;0;0.185;0.69;-9.945
1497;0;0;0;0;0;0;0;0.19;0.68;-9.95
1498;0;0;0;0;0;0;0;0.17;0.67;-9.92
1499;0;0;0;0;0;0;0;0.18;0.68;-9.94
1500;0;0;0;0;0;0;0;0.18;0.69;-9.93
1501;0;0;0;0;0;0;0;0.18;0.68;-9.94
1502;0;0;0;0;0;0;0;0.19;0.68;-9.93
1503;0;0;0;0;0;0;0;0.2;0.67;-9.94
1504;0;0;0;0;0;0;0;0.19;0.68;-9.93
1505;0;0;0;0;0;0;0;0.19;0.68;-9.96
1506;0;0;0;0;0;0;0;0.2;0.68;-9.95
1507;0;0;0;0;0;0;0;0.195;0.7;-9.95
1508;0;0;0;0;0;0;0;0.19;0.68;-9.92
1509;0;0;0;0;0;0;0;0.18;0.68;-9.94
1510;0;0;0;0;0;0;0;0.2;0.67;-9.94
1511;0;0;0;0;0;0;0;0.18;0.67;-9.95
1512;0;0;0;0;0;0;0;0.15;0.66;-9.92
1513;-0.00111111;0;0;0;0;0;0;0.17;0.69;-9.96
1514;0;0;0;0;0;0;0;0.19;0.69;-9.94
1515;0;0;0;0;0;0;0;0.18;0.69;-9.92
1516;0;0;0;0;0;0;0;0.2;0.7;-9.91
1517;0;0;0;0;0;0;0;0.185;0.69;-9.95
1518;0;0;0;0;0;0;0;0.18;0.655;-9.94
1519;0;0;0;0;0;0;0;0.185;0.68;-9.93
1520;0;0;0;0;0;0;0;0.19;0.66;-9.93
1521;0;0;0;0;0;0;0;0.18;0.68;-9.94
1522;0;0;0;0;0;0;0;0.18;0.67;-9.93
1523;0;0;0;0;0;0;0;0.175;0.68;-9.935
1524;0;0;0;0;0;0;0;0.2;0.68;-9.94
1525;0;0;0;0;0;0;0;0.18;0.68;-9.91
1526;0;0;0;0;0;0;0;0.18;0.68;-9.92
1527;0;0;0;0;0;0;0;0.19;0.68;-9.93
1528;0;0;0;0;0;0;0;0.195;0.675;-9.93
1529;0;0;0;0;0;0;0;0.19;0.67;-9.94
1530;0;0;0;0;0;0;0;0.18;0.67;-9.92
1531;0;0;0;0;0;0;0;0.19;0.68;-9.93
1532;0;0;0;0;0;0;0;0.19;0.665;-9.92
1533;0;0;0;0;0;0;0;0.2;0.67;-9.915
1534;0;0;0;0;0;0;0;0.195;0.68;-9.93
1535;0;0;0;0;0;0;0;0.18;0.68;-9.93
1536;0;0;0;0;0;0;0;0.2;0.67;-9.93
1537;0;0;0;0;0;0;0;0.19;0.68;-9.91
1538;0;0;0;0;0;0;0;0.18;0.68;-9.925
1539;0;0;0;0;0;0;0;0.19;0.68;-9.92
1540;0;0;0;0;0;0;0;0.19;0.675;-9.93
1541;0;0;0;0;0;0;0;0.19;0.68;-9.94
1542;0;0;0;0;0;0;0;0.18;0.68;-9.93
1543;0;0;0;0;0;0;0;0.18;0.68;-9.93
1544;0;0;0;0;0;0;0;0.19;0.68;-9.95
1545;0;0;0;0;0;0;0;0.19;0.675;-9.925
