Time;Fluid_pressure
0.819215;96402
1.43416;96402
2.50478;96391
2.66493;96394
3.28303;96397
3.92228;96399
4.51301;96397
5.128;96402
5.74346;96397
6.35898;96400
6.97403;96397
7.58937;96391
8.20797;96397
8.82359;96394
9.43622;96397
10.5158;96399
10.6688;96394
11.2826;96397
11.8978;96391
12.5141;96402
13.1286;96397
13.7436;96397
14.3595;96394
14.9742;96397
15.5896;96397
16.2051;96399
16.8202;96397
17.4361;96397
18.5085;96405
18.6672;96391
19.2824;96402
19.8978;96391
20.5135;96399
21.128;96394
21.7429;96402
22.3585;96397
22.9788;96397
23.5988;96391
24.2099;96394
24.8258;96399
25.44;96397
26.559;96394
26.6718;96399
27.286;96399
27.9046;96397
28.5175;96402
29.1346;96397
29.7472;96394
30.3628;96399
30.979;96402
31.5951;96394
32.2105;96394
32.8239;96391
33.4426;96397
34.5633;96397
34.6716;96397
35.2869;96399
35.9018;96399
36.5173;96397
37.1336;96394
37.7475;96394
38.3632;96397
38.9805;96394
39.5955;96391
40.2113;96397
40.8275;96399
41.4419;96397
42.5734;96399
42.6727;96397
43.2884;96397
43.9073;96394
44.5185;96394
45.1358;96399
45.7493;96391
46.3648;96399
46.9801;96399
47.5968;96397
48.2243;96402
48.8261;96394
49.4463;96402
50.5792;96394
50.6796;96399
51.2888;96396
51.9041;96402
52.5193;96396
53.1347;96391
53.7501;96399
54.3659;96399
54.9812;96388
55.5988;96394
56.2122;96397
56.8268;96402
57.4425;96399
58.5778;96405
58.673;96397
59.2916;96405
59.907;96396
60.522;96402
61.1382;96402
61.7523;96397
62.3679;96399
62.983;96402
63.5982;96402
64.2144;96394
64.8296;96394
65.448;96396
66.5976;96402
66.6749;96399
67.2926;96399
67.906;96394
68.5211;96399
69.1368;96394
69.7556;96394
70.3683;96399
70.9841;96396
71.5977;96396
72.2132;96399
72.8284;96402
73.4439;96396
74.5891;96397
74.6748;96396
75.2899;96402
75.905;96399
76.5208;96399
77.1384;96394
77.7509;96391
78.3671;96399
78.9822;96396
79.5983;96394
80.213;96388
80.829;96399
81.4536;96394
82.5873;96396
82.6737;96399
83.2898;96396
83.9048;96399
84.523;96399
85.1381;96399
85.7531;96402
86.3689;96394
86.9851;96399
87.5992;96394
88.2148;96399
88.8302;96396
89.4523;96396
90.7218;96394
90.6781;96399
91.2958;96394
91.9089;96396
92.5294;96391
93.1399;96396
93.7547;96396
94.371;96394
94.9865;96396
95.601;96402
96.2168;96396
96.8317;96399
97.4471;96399
98.6268;96391
98.6779;96396
99.2935;96388
99.9097;96388
100.525;96399
101.142;96399
101.756;96399
102.371;96396
102.986;96399
103.602;96396
104.218;96396
104.835;96399
105.45;96383
106.651;96399
106.681;96399
107.296;96402
107.912;96388
108.526;96402
109.142;96399
109.757;96396
110.377;96399
110.991;96396
111.605;96399
112.221;96396
112.836;96396
113.451;96399
114.699;96402
114.682;96399
115.297;96399
115.913;96405
116.528;96394
117.146;96399
117.758;96388
118.374;96391
118.99;96396
119.604;96391
120.221;96396
120.837;96402
121.453;96396
122.672;96394
122.682;96391
123.298;96396
123.913;96399
124.529;96396
125.147;96396
125.76;96396
126.375;96394
126.991;96394
127.606;96391
128.222;96391
128.837;96391
129.452;96399
130.729;96394
130.685;96391
131.301;96396
131.916;96394
132.531;96402
133.146;96396
133.763;96391
134.377;96396
134.993;96396
135.608;96394
136.223;96396
136.838;96402
137.454;96391
138.69;96402
138.684;96391
139.3;96394
139.915;96394
140.531;96394
141.148;96399
141.762;96402
142.377;96396
142.993;96394
143.607;96391
144.223;96396
144.838;96394
146.686;96399
147.302;96399
147.917;96388
148.533;96396
149.15;96396
149.763;96391
150.38;96391
150.999;96394
151.612;96396
152.226;96399
152.842;96394
153.457;96396
154.733;96394
154.687;96394
155.304;96391
155.919;96391
156.534;96388
157.149;96391
157.764;96391
158.38;96385
158.998;96396
159.61;96391
160.226;96391
160.844;96394
161.457;96391
162.715;96396
162.687;96404
163.302;96396
163.918;96399
164.534;96399
165.149;96391
165.766;96399
166.394;96396
166.995;96388
167.61;96394
168.228;96396
168.842;96394
169.457;96388
170.718;96396
170.687;96396
171.305;96396
171.923;96396
172.537;96396
173.153;96399
173.768;96396
174.384;96391
174.998;96396
175.614;96393
176.229;96394
176.844;96396
177.461;96399
178.754;96396
178.69;96394
179.306;96399
179.922;96391
180.537;96401
181.153;96399
181.769;96391
182.384;96401
182.999;96401
183.614;96391
184.23;96396
184.845;96401
185.461;96401
186.793;96399
186.696;96399
187.309;96407
187.926;96391
188.541;96396
189.168;96399
189.772;96396
190.39;96396
191.336;96394
191.624;96396
192.234;96399
192.849;96399
193.465;96401
194.811;96393
194.696;96399
195.318;96396
195.927;96399
196.542;96396
197.159;96399
197.773;96394
198.388;96396
199.38;96399
199.619;96404
200.235;96393
200.85;96399
201.47;96399
202.836;96399
202.698;96407
203.314;96404
203.929;96401
204.55;96404
205.171;96393
205.776;96404
206.391;96401
207.721;96393
207.621;96401
208.237;96396
208.852;96401
209.467;96399
210.844;96404
210.698;96396
211.314;96396
211.934;96396
212.545;96393
213.161;96401
213.775;96391
214.392;96393
215.623;96396
215.621;96399
216.237;96391
216.852;96396
217.468;96401
218.836;96393
218.699;96393
219.315;96393
219.933;96399
220.544;96396
221.16;96396
221.779;96401
222.393;96393
223.109;96399
223.624;96401
224.24;96394
224.854;96401
225.47;96393
226.86;96396
226.701;96396
227.316;96396
227.931;96399
228.547;96399
229.162;96393
229.778;96396
230.393;96401
231.791;96396
231.623;96391
232.249;96399
232.855;96401
233.471;96393
234.862;96399
234.701;96401
235.316;96396
235.932;96399
236.548;96393
237.164;96396
237.78;96393
238.395;96399
239.106;96399
239.627;96396
240.241;96396
240.858;96396
241.472;96393
242.913;96404
242.706;96399
243.321;96399
243.937;96401
244.552;96399
245.167;96399
245.782;96399
246.398;96393
247.135;96404
247.628;96399
248.244;96401
248.859;96393
249.475;96399
250.901;96393
250.705;96396
251.321;96401
251.936;96399
252.553;96399
253.166;96391
253.781;96401
254.397;96399
255.123;96396
255.628;96391
256.243;96399
256.858;96396
257.474;96393
258.889;96399
258.704;96396
259.319;96401
259.935;96396
260.55;96396
261.166;96393
261.781;96399
262.4;96404
263.144;96396
263.629;96399
264.245;96399
264.86;96401
265.476;96396
266.924;96399
266.707;96399
267.323;96399
267.938;96399
268.554;96399
269.171;96404
269.784;96399
270.399;96396
271.146;96399
271.631;96391
272.246;96401
272.863;96396
273.476;96401
274.912;96399
274.707;96396
275.322;96399
275.937;96396
276.552;96399
277.168;96404
277.783;96393
278.399;96399
279.14;96399
279.629;96401
280.252;96399
280.86;96393
281.476;96399
282.918;96393
282.713;96393
283.324;96401
283.94;96391
284.555;96396
285.171;96393
285.787;96396
286.402;96396
287.175;96399
287.636;96399
288.255;96393
288.864;96399
289.479;96393
290.957;96401
290.711;96399
291.334;96393
291.94;96396
292.557;96399
293.176;96396
293.791;96396
294.404;96399
295.185;96396
295.634;96393
296.249;96399
296.864;96401
297.485;96393
298.988;96396
298.714;96399
299.329;96399
299.946;96396
300.559;96399
301.176;96401
301.79;96393
302.407;96396
303.216;96399
303.639;96401
304.254;96396
304.869;96401
305.484;96396
306.999;96399
306.715;96399
307.332;96399
307.948;96399
308.566;96396
309.176;96396
309.792;96399
310.407;96399
311.227;96399
311.638;96399
312.255;96401
312.871;96399
313.495;96396
314.1;96399
314.716;96396
315.331;96396
315.947;96399
316.561;96399
317.177;96393
317.792;96399
318.409;96399
319.244;96401
319.643;96399
320.257;96399
320.872;96399
321.487;96399
322.101;96399
322.717;96393
323.332;96401
323.948;96396
324.563;96393
325.178;96396
325.798;96399
326.41;96399
327.289;96396
327.64;96396
328.257;96393
328.87;96396
329.486;96401
330.101;96401
330.717;96399
331.332;96401
331.958;96404
332.569;96399
333.193;96401
333.801;96401
334.419;96396
335.325;96401
335.647;96401
336.264;96396
336.878;96401
337.494;96396
338.11;96396
338.726;96393
339.341;96396
339.957;96399
340.575;96398
341.19;96401
341.801;96399
342.418;96399
343.329;96396
343.648;96396
344.266;96393
344.878;96398
345.494;96399
346.11;96396
346.724;96399
347.34;96396
347.956;96396
348.571;96396
349.187;96393
349.802;96396
350.418;96401
351.331;96393
351.648;96399
352.266;96401
352.879;96396
353.501;96401
354.113;96401
354.727;96396
355.346;96404
355.958;96396
356.573;96401
357.191;96396
357.804;96393
358.419;96399
359.363;96398
359.65;96385
360.267;96396
360.882;96390
361.497;96401
362.112;96396
362.729;96396
363.347;96393
363.959;96396
364.577;96396
365.193;96393
365.809;96396
366.423;96396
367.387;96390
367.654;96393
368.269;96396
368.889;96396
369.501;96396
370.122;96396
370.731;96393
371.347;96390
371.963;96396
372.578;96396
373.193;96396
373.811;96396
374.426;96396
375.408;96393
375.656;96390
376.271;96396
376.887;96396
377.502;96396
378.119;96390
378.732;96393
379.35;96399
379.963;96390
380.578;96396
381.194;96399
381.81;96401
382.424;96390
383.407;96401
383.655;96398
384.272;96393
384.886;96399
385.501;96399
386.117;96398
386.731;96390
387.347;96393
387.962;96396
388.577;96398
389.195;96399
389.809;96401
390.424;96393
391.401;96401
391.656;96396
392.271;96396
392.888;96398
393.502;96398
394.121;96399
394.736;96390
395.352;96398
395.968;96390
396.582;96401
397.197;96393
397.812;96398
398.428;96398
399.428;96396
399.659;96396
400.287;96393
400.891;96390
401.507;96390
402.122;96393
402.738;96390
403.352;96388
403.969;96388
404.583;96396
405.199;96396
405.813;96393
406.429;96393
407.439;96393
407.659;96396
408.275;96398
408.89;96396
409.506;96396
410.122;96396
410.737;96390
411.352;96398
411.967;96396
412.583;96393
413.2;96401
413.814;96393
414.431;96396
415.463;96396
415.664;96393
416.278;96393
416.892;96390
417.509;96396
418.159;96401
418.738;96396
419.354;96396
419.974;96396
420.587;96393
421.202;96396
421.817;96393
422.432;96390
423.508;96393
423.663;96398
424.278;96390
424.894;96387
425.509;96398
426.127;96401
426.74;96398
427.356;96388
427.971;96390
428.586;96396
429.206;96398
429.82;96393
430.438;96396
431.509;96396
431.674;96398
432.281;96393
432.896;96393
433.513;96393
434.127;96390
434.743;96393
435.359;96393
435.973;96396
436.588;96396
437.204;96393
437.819;96387
438.437;96393
439.494;96393
439.665;96393
440.285;96393
440.897;96398
441.513;96393
442.128;96398
442.743;96387
443.36;96398
443.974;96396
444.589;96401
445.206;96390
445.82;96393
446.436;96387
447.51;96393
447.666;96390
448.283;96393
448.897;96393
449.512;96393
450.131;96390
450.747;96393
451.361;96396
451.977;96387
452.592;96401
453.208;96398
453.823;96396
454.438;96390
455.536;96393
455.668;96393
456.284;96393
456.899;96396
457.515;96390
458.13;96393
458.745;96393
459.362;96401
459.977;96396
460.595;96398
461.208;96393
461.823;96393
462.439;96398
463.534;96398
463.67;96396
464.284;96396
464.9;96396
465.515;96396
466.13;96398
466.746;96393
467.361;96396
467.976;96393
468.592;96393
469.207;96393
469.824;96393
470.442;96393
471.558;96393
471.671;96390
472.287;96393
472.902;96393
473.518;96390
474.132;96398
474.748;96390
475.364;96395
475.978;96398
476.594;96398
477.209;96398
477.824;96390
478.44;96395
479.559;96396
479.67;96398
480.286;96393
480.905;96398
481.517;96395
482.134;96396
482.748;96396
483.365;96387
483.979;96390
484.594;96393
485.21;96390
485.826;96393
486.441;96398
487.565;96393
487.672;96393
488.288;96396
488.905;96387
489.519;96393
490.14;96393
490.751;96401
491.366;96396
491.982;96390
492.596;96393
493.212;96396
493.828;96387
494.443;96395
495.582;96390
495.674;96390
496.29;96390
496.904;96395
497.519;96398
498.135;96393
498.75;96395
499.366;96390
499.981;96395
500.596;96387
501.215;96387
501.828;96393
502.443;96393
503.585;96395
503.675;96395
504.289;96390
504.905;96395
505.52;96387
506.151;96390
506.751;96393
507.368;96393
507.983;96395
508.598;96395
509.214;96395
509.829;96395
510.445;96390
511.614;96387
511.677;96398
512.292;96390
512.908;96393
513.524;96395
514.138;96390
514.753;96390
515.369;96393
515.985;96390
516.6;96387
517.217;96390
517.832;96393
518.449;96393
519.639;96387
519.679;96390
520.294;96390
520.911;96393
521.526;96390
522.141;96393
522.756;96390
523.371;96390
523.989;96395
524.602;96390
525.218;96385
525.833;96393
526.451;96395
527.664;96395
527.682;96390
528.297;96395
528.913;96395
529.527;96395
530.146;96390
530.758;96393
531.376;96393
531.99;96390
532.605;96390
533.22;96390
533.836;96390
534.451;96395
535.66;96393
535.682;96387
536.297;96390
536.914;96393
537.528;96395
538.148;96387
538.759;96390
539.373;96390
539.989;96395
540.604;96395
541.221;96390
541.836;96393
542.45;96393
543.652;96393
543.681;96390
544.296;96390
544.911;96395
545.527;96387
546.142;96395
546.757;96390
547.372;96395
547.988;96387
548.603;96401
549.219;96398
549.834;96387
550.449;96390
551.648;96398
551.682;96393
552.3;96387
552.913;96393
553.528;96390
554.144;96390
554.759;96390
555.374;96393
555.99;96393
556.605;96385
557.22;96393
557.835;96393
558.451;96393
559.663;96393
559.681;96390
560.303;96390
560.913;96393
561.527;96398
562.147;96393
562.759;96395
563.375;96387
563.992;96393
564.606;96395
565.221;96398
565.836;96385
566.46;96390
567.676;96395
567.684;96393
568.297;96387
568.913;96387
569.528;96390
570.143;96398
570.759;96390
571.374;96390
571.99;96390
572.607;96387
573.222;96390
573.838;96398
574.452;96393
575.697;96387
575.683;96393
576.298;96390
576.915;96395
577.53;96393
578.146;96390
578.76;96385
579.377;96395
579.991;96393
580.606;96395
581.222;96393
581.837;96393
582.458;96390
583.71;96390
583.686;96398
584.303;96387
584.917;96390
585.532;96395
586.147;96390
586.763;96393
587.379;96390
587.994;96390
588.609;96390
589.224;96393
589.839;96390
590.455;96382
591.717;96393
591.691;96398
592.309;96387
592.919;96395
593.535;96395
594.151;96393
594.779;96393
595.384;96390
595.997;96393
596.617;96390
597.237;96393
597.858;96393
598.466;96390
599.755;96395
599.69;96387
600.306;96390
600.921;96393
601.536;96387
602.153;96390
602.769;96387
603.382;96387
603.999;96393
604.613;96390
605.228;96387
605.844;96390
606.459;96385
607.897;96387
607.702;96390
608.306;96393
608.928;96390
609.549;96385
610.151;96387
610.767;96387
611.386;96390
611.999;96387
612.616;96387
613.23;96390
613.849;96393
614.462;96387
615.762;96387
615.691;96390
616.317;96387
616.922;96392
617.537;96387
618.153;96387
618.768;96393
619.383;96393
619.999;96390
620.614;96382
621.234;96382
621.844;96390
622.46;96385
623.788;96390
623.692;96390
624.308;96382
624.922;96390
625.538;96390
626.154;96390
626.777;96390
627.384;96387
628;96393
628.614;96390
629.231;96387
629.845;96387
630.46;96387
631.767;96393
631.692;96385
632.308;96387
632.931;96398
633.54;96387
634.155;96387
634.772;96387
635.387;96382
636.206;96390
636.617;96390
637.232;96393
637.848;96384
638.463;96382
639.791;96384
639.694;96387
640.314;96387
640.937;96387
641.545;96392
642.161;96382
642.788;96385
643.395;96395
644.956;96390
644.626;96390
645.24;96387
645.855;96387
646.471;96385
647.897;96387
647.712;96385
648.318;96390
648.933;96387
649.548;96390
650.165;96384
650.779;96390
651.394;96385
652.969;96393
652.626;96382
653.241;96390
653.856;96390
654.472;96387
655.877;96390
655.702;96387
656.317;96390
656.933;96387
657.548;96393
658.165;96390
658.779;96385
659.394;96387
660.105;96390
660.634;96392
661.24;96393
661.866;96387
662.471;96384
663.977;96392
663.706;96387
664.321;96384
664.938;96390
665.552;96390
666.168;96385
666.786;96387
667.403;96384
668.135;96382
668.629;96384
669.248;96390
669.859;96387
670.475;96390
671.939;96387
671.706;96384
672.324;96385
672.936;96387
673.551;96387
674.167;96390
674.784;96390
675.398;96387
676.131;96382
676.628;96387
677.243;96382
677.859;96387
678.478;96390
679.895;96384
679.705;96382
680.32;96387
680.936;96387
681.556;96382
682.166;96390
682.782;96390
683.4;96384
684.129;96387
684.628;96392
685.243;96384
685.858;96385
686.474;96384
687.894;96382
687.704;96382
688.32;96387
688.937;96387
689.553;96384
690.168;96382
690.783;96390
691.399;96379
692.144;96384
692.63;96392
693.245;96387
693.861;96385
694.476;96379
695.921;96384
695.706;96387
696.322;96390
696.938;96390
697.552;96384
698.168;96384
698.784;96384
699.398;96382
700.141;96382
700.629;96384
701.245;96379
701.86;96390
702.475;96384
703.911;96390
703.707;96390
704.323;96384
704.938;96382
705.552;96384
706.168;96384
706.783;96387
707.404;96384
708.133;96384
708.629;96382
709.244;96387
709.859;96387
710.475;96382
711.901;96379
711.705;96384
712.321;96390
712.936;96379
713.551;96392
714.169;96390
714.786;96384
715.399;96382
716.146;96390
716.63;96379
717.246;96384
717.861;96382
718.478;96387
719.919;96387
719.707;96387
720.326;96390
720.938;96387
721.553;96382
722.168;96384
722.784;96387
723.4;96384
724.145;96384
724.633;96390
725.246;96384
725.86;96384
726.476;96384
727.91;96384
727.706;96384
728.322;96382
728.938;96384
729.553;96382
730.168;96387
730.784;96387
731.398;96379
732.141;96390
732.629;96384
733.245;96382
733.86;96384
734.488;96379
735.926;96387
735.707;96382
736.322;96387
736.938;96382
737.553;96379
738.168;96384
738.783;96387
739.401;96384
740.151;96384
740.632;96392
741.247;96379
741.861;96384
742.477;96384
743.917;96392
743.707;96379
744.323;96390
744.944;96387
745.556;96384
746.171;96384
746.786;96395
747.401;96390
748.189;96384
748.632;96387
749.248;96387
749.872;96387
750.478;96390
751.933;96390
751.708;96384
752.324;96384
752.939;96384
753.555;96387
754.17;96384
754.786;96390
755.402;96382
756.16;96381
756.631;96384
757.247;96384
757.862;96384
758.479;96382
759.942;96387
759.71;96390
760.326;96384
760.94;96384
761.555;96382
762.171;96384
762.786;96384
763.401;96387
764.175;96384
764.632;96382
765.253;96387
765.863;96384
766.478;96382
767.936;96384
767.71;96384
768.324;96387
768.94;96390
769.555;96390
770.174;96387
770.787;96384
771.401;96384
772.162;96382
772.631;96382
773.248;96387
773.862;96387
774.478;96384
775.976;96387
775.708;96384
776.324;96387
776.939;96387
777.555;96384
778.171;96382
778.785;96381
779.401;96384
780.214;96387
780.635;96384
781.25;96390
781.865;96384
782.48;96381
783.96;96387
783.711;96379
784.326;96390
784.942;96382
785.559;96384
786.178;96384
786.788;96387
787.403;96387
788.187;96390
788.634;96379
789.25;96387
789.866;96384
790.483;96390
791.976;96392
791.713;96384
792.328;96392
792.944;96379
793.559;96387
794.174;96381
794.799;96381
795.41;96390
796.214;96381
796.638;96387
797.26;96384
797.867;96387
798.484;96381
799.984;96390
799.714;96381
800.333;96381
800.947;96384
801.563;96387
802.178;96387
802.794;96387
803.409;96384
804.25;96384
804.639;96384
805.255;96379
805.878;96381
806.489;96381
807.105;96381
807.72;96387
808.336;96387
808.952;96381
809.567;96384
810.185;96384
810.797;96381
811.413;96381
812.28;96384
812.643;96379
813.259;96376
813.874;96387
814.489;96381
815.105;96384
815.724;96384
816.339;96381
816.955;96384
817.57;96381
818.188;96384
818.801;96384
819.417;96384
820.317;96376
820.647;96381
821.263;96392
821.878;96379
822.493;96381
823.109;96381
823.724;96381
824.349;96384
824.955;96381
825.572;96381
826.188;96381
826.801;96379
827.416;96379
828.316;96376
828.647;96384
829.262;96390
829.877;96381
830.493;96381
831.108;96387
831.724;96379
832.339;96387
832.955;96373
833.569;96387
834.186;96384
834.8;96381
835.416;96384
836.35;96381
836.65;96379
837.265;96381
837.88;96379
838.495;96384
839.11;96381
839.731;96381
840.341;96381
840.957;96376
841.572;96387
842.187;96381
842.802;96384
843.419;96384
844.332;96384
844.649;96387
845.266;96395
845.88;96381
846.498;96379
847.112;96387
847.729;96384
848.341;96381
848.96;96381
849.571;96379
850.187;96379
850.802;96387
851.418;96379
852.338;96381
852.648;96381
853.263;96379
853.879;96395
854.494;96381
855.109;96381
855.726;96381
856.341;96387
856.956;96392
857.572;96379
858.187;96381
858.802;96379
859.418;96379
860.334;96389
860.648;96379
861.266;96384
861.88;96387
862.495;96376
863.111;96381
863.726;96384
864.342;96384
864.957;96381
865.575;96384
866.189;96389
866.804;96381
867.42;96384
868.356;96387
868.651;96381
869.267;96387
869.882;96389
870.499;96392
871.113;96381
871.728;96384
872.343;96381
872.958;96384
873.573;96384
874.189;96379
874.804;96381
875.42;96384
876.362;96379
876.651;96381
877.266;96384
877.881;96387
878.497;96384
879.112;96387
879.727;96384
880.343;96384
880.958;96381
881.577;96379
882.192;96387
882.806;96384
883.421;96381
884.378;96381
884.654;96376
885.269;96381
885.885;96381
886.499;96387
887.125;96381
887.732;96381
888.347;96384
888.962;96381
889.578;96387
890.193;96398
890.808;96387
891.424;96381
892.397;96387
892.654;96376
893.275;96384
893.885;96381
894.502;96379
895.116;96387
895.731;96387
896.348;96387
896.974;96384
897.579;96379
898.196;96379
898.81;96389
899.425;96381
900.415;96381
900.656;96387
901.271;96384
901.888;96387
902.505;96387
903.118;96381
903.733;96387
904.361;96381
904.967;96381
905.579;96381
906.196;96379
906.81;96387
907.43;96381
908.467;96387
908.658;96379
909.273;96387
909.888;96379
910.504;96384
911.119;96376
911.734;96387
912.352;96384
912.966;96379
913.582;96381
914.197;96387
914.812;96381
915.428;96384
916.438;96381
916.658;96376
917.274;96381
917.89;96379
918.505;96387
919.12;96389
919.736;96381
920.351;96381
920.967;96381
921.584;96386
922.201;96384
922.814;96381
923.43;96387
924.445;96387
924.66;96381
925.276;96387
925.89;96392
926.508;96381
927.121;96392
927.738;96387
928.354;96389
928.969;96381
929.585;96379
930.2;96384
930.823;96384
931.432;96379
932.504;96387
932.663;96381
933.279;96379
933.894;96379
934.51;96389
935.125;96381
935.739;96384
936.356;96381
936.971;96384
937.587;96386
938.202;96386
938.816;96381
939.432;96379
940.47;96384
940.663;96384
941.278;96381
941.894;96384
942.51;96389
943.131;96376
943.741;96381
944.362;96384
944.973;96387
945.593;96387
946.205;96384
946.818;96379
947.436;96381
948.538;96381
948.666;96387
949.282;96384
949.899;96387
950.515;96384
951.129;96387
951.743;96387
952.359;96381
952.976;96386
953.589;96381
954.206;96384
954.824;96379
955.436;96384
956.513;96381
956.671;96381
957.282;96378
957.9;96387
958.516;96378
959.137;96379
959.746;96381
960.362;96384
960.978;96389
961.593;96381
962.209;96384
962.824;96386
963.44;96389
964.558;96386
964.67;96386
965.287;96376
965.901;96386
966.518;96381
967.133;96384
967.748;96384
968.366;96376
968.979;96386
969.594;96384
970.209;96384
970.825;96381
971.44;96384
972.552;96384
972.67;96381
973.286;96378
973.902;96376
974.516;96378
975.132;96384
975.747;96378
976.364;96384
976.978;96378
977.594;96384
978.211;96384
978.827;96384
979.442;96384
980.571;96381
980.672;96389
981.287;96381
981.903;96384
982.518;96381
983.134;96384
983.749;96381
984.366;96384
984.98;96386
985.595;96386
986.21;96386
986.827;96378
987.441;96384
988.568;96381
988.675;96384
989.288;96381
989.903;96378
990.518;96381
991.133;96378
991.748;96384
992.364;96378
992.979;96384
993.595;96381
994.21;96381
994.825;96381
995.442;96384
996.559;96384
996.672;96386
997.291;96381
997.902;96381
998.518;96378
999.133;96384
999.754;96386
1000.36;96373
1000.98;96378
1001.59;96384
1002.21;96378
1002.82;96381
1003.44;96378
1004.58;96381
1004.67;96384
1005.29;96384
1005.9;96378
1006.52;96378
1007.14;96378
1007.75;96384
1008.37;96381
1008.99;96381
1009.6;96378
1010.22;96376
1010.83;96384
1011.44;96381
1012.59;96384
1012.67;96376
1013.29;96378
1013.91;96376
1014.52;96384
1015.14;96373
1015.75;96381
1016.37;96384
1016.98;96378
1017.6;96381
1018.21;96378
1018.83;96378
1019.44;96386
1020.61;96384
1020.68;96386
1021.29;96389
1021.91;96381
1022.52;96381
1023.14;96381
1023.75;96378
1024.37;96384
1024.99;96384
1025.6;96376
1026.21;96375
1026.83;96381
1027.44;96378
1028.6;96376
1028.68;96381
1029.29;96376
1029.91;96381
1030.52;96381
1031.14;96386
1031.75;96386
1032.37;96386
1032.98;96378
1033.6;96378
1034.22;96375
1034.83;96384
1035.44;96375
1036.6;96375
1036.68;96381
1037.29;96378
1037.91;96384
1038.52;96381
1039.14;96384
1039.75;96373
1040.37;96381
1040.99;96386
1041.6;96386
1042.22;96384
1042.83;96376
1043.45;96378
1044.66;96376
1044.68;96381
1045.29;96378
1045.91;96386
1046.52;96376
1047.14;96381
1047.76;96381
1048.37;96384
1048.99;96381
1049.6;96381
1050.22;96378
1050.83;96375
1051.45;96384
1052.65;96378
1052.68;96381
1053.3;96381
1053.91;96381
1054.53;96381
1055.14;96381
1055.76;96381
1056.37;96378
1056.99;96381
1057.6;96375
1058.22;96378
1058.83;96378
1059.45;96386
1060.65;96375
1060.68;96381
1061.3;96378
1061.91;96381
1062.53;96376
1063.14;96384
1063.76;96381
1064.38;96376
1064.99;96375
1065.61;96384
1066.22;96384
1066.84;96375
1067.45;96381
1068.68;96378
1068.68;96378
1069.3;96381
1069.92;96384
1070.53;96381
1071.15;96384
1071.76;96381
1072.38;96384
1072.99;96375
1073.61;96378
1074.23;96378
1074.84;96375
1075.46;96381
1076.71;96378
1076.69;96381
1077.3;96381
1077.92;96378
1078.53;96384
1079.15;96373
1079.77;96378
1080.38;96378
1081;96386
1081.61;96381
1082.23;96381
1082.84;96381
1083.46;96381
1084.74;96381
1084.69;96386
1085.3;96370
1085.92;96375
1086.54;96373
1087.16;96378
1087.77;96381
1088.38;96375
1089;96375
1089.62;96378
1090.23;96384
1090.84;96375
1091.46;96384
1092.74;96384
1092.69;96375
1093.3;96375
1093.92;96378
1094.53;96378
1095.15;96381
1095.77;96375
1096.38;96378
1097;96381
1097.61;96384
1098.23;96378
1098.84;96381
1099.46;96378
1100.75;96381
1100.69;96378
1101.31;96375
1101.92;96378
1102.55;96381
1103.15;96378
1103.77;96378
1104.38;96378
1105;96384
1105.61;96381
1106.23;96384
1106.84;96386
1107.46;96378
1108.76;96386
1108.69;96386
1109.31;96386
1109.92;96378
1110.54;96381
1111.16;96375
1111.77;96375
1112.38;96375
1113;96381
1113.61;96378
1114.25;96381
1114.85;96378
1115.46;96375
1116.77;96375
1116.69;96384
1117.31;96378
1117.92;96375
1118.54;96381
1119.15;96384
1119.77;96378
1120.39;96378
1121.38;96375
1121.62;96375
1122.23;96378
1122.85;96381
1123.47;96375
1124.81;96378
1124.7;96384
1125.31;96381
1125.93;96378
1126.54;96378
1127.16;96378
1127.78;96373
1128.39;96378
1129.46;96375
1129.62;96381
1130.24;96386
1130.85;96378
1131.47;96375
1132.83;96378
1132.7;96378
1133.31;96375
1133.93;96375
1134.54;96378
1135.16;96378
1135.77;96386
1136.39;96381
1137.46;96381
1137.62;96373
1138.24;96375
1138.85;96384
1139.47;96378
1140.82;96378
1140.7;96375
1141.31;96375
1141.93;96381
1142.54;96384
1143.16;96381
1143.78;96378
1144.39;96378
1145.64;96381
1145.62;96378
1146.24;96378
1146.85;96381
1147.47;96378
1148.86;96384
1148.7;96381
1149.32;96378
1149.93;96375
1150.55;96378
1151.16;96375
1151.78;96378
1152.39;96378
1153.84;96378
1153.62;96378
1154.24;96375
1154.85;96375
1155.47;96375
1156.86;96381
1156.7;96384
1157.32;96381
1157.93;96378
1158.55;96384
1159.17;96378
1159.78;96378
1160.39;96378
1161.95;96378
1161.62;96378
1162.24;96378
1162.86;96381
1163.47;96375
1164.87;96381
1164.7;96384
1165.32;96384
1165.93;96375
1166.55;96378
1167.16;96370
1167.78;96381
1168.39;96381
1169.95;96378
1169.62;96378
1170.24;96384
1170.86;96381
1171.47;96375
1172.87;96381
1172.7;96375
1173.32;96378
1173.93;96370
1174.55;96373
1175.16;96378
1175.78;96378
1176.4;96375
1177.1;96375
1177.63;96375
1178.24;96378
1178.86;96384
1179.47;96384
1180.88;96378
1180.7;96378
1181.32;96373
1181.93;96384
1182.56;96375
1183.17;96375
1183.78;96370
1184.4;96375
1185.12;96378
1185.63;96375
1186.25;96384
1186.86;96378
1187.47;96378
1188.9;96378
1188.71;96381
1189.32;96378
1189.94;96370
1190.57;96375
1191.17;96375
1191.78;96378
1192.4;96378
1193.12;96378
1193.63;96373
1194.24;96378
1194.86;96375
1195.47;96384
1196.89;96375
1196.7;96381
1197.32;96375
1197.94;96384
1198.55;96384
1199.17;96381
1199.79;96378
1200.41;96378
1201.13;96373
1201.63;96381
1202.25;96381
1202.86;96375
1203.48;96378
1204.93;96373
1204.71;96378
1205.32;96381
1205.94;96373
1206.55;96375
1207.17;96384
1207.78;96378
1208.4;96378
1209.17;96375
1209.63;96378
1210.25;96384
1210.86;96378
1211.48;96384
1212.95;96370
1212.71;96375
1213.32;96381
1213.94;96378
1214.56;96375
1215.17;96375
1215.79;96375
1216.41;96373
1217.21;96381
1217.64;96373
1218.25;96375
1218.87;96378
1219.48;96375
1220.97;96384
1220.71;96378
1221.34;96375
1221.95;96378
1222.56;96381
1223.18;96375
1223.79;96370
1224.41;96378
1225.21;96375
1225.64;96375
1226.26;96378
1226.87;96378
1227.48;96378
1228.99;96375
1228.71;96373
1229.33;96378
1229.94;96378
1230.56;96378
1231.18;96378
1231.79;96375
1232.41;96373
1233.22;96373
1233.64;96373
1234.26;96381
1234.87;96378
1235.49;96378
1236.99;96384
1236.71;96375
1237.33;96373
1237.95;96378
1238.56;96375
1239.18;96375
1239.79;96375
1240.41;96375
1241.23;96378
1241.64;96375
1242.26;96375
1242.87;96373
1243.49;96378
1244.1;96378
1244.72;96375
1245.33;96370
1245.95;96375
1246.56;96375
1247.18;96378
1247.79;96378
1248.41;96384
1249.24;96378
1249.64;96373
1250.25;96378
1250.87;96381
1251.48;96384
1252.1;96370
1252.72;96373
1253.33;96378
1253.95;96375
1254.56;96375
1255.19;96370
1255.79;96378
1256.41;96381
1257.24;96373
1257.64;96384
1258.26;96373
1258.87;96384
1259.49;96370
1260.1;96378
1260.72;96370
1261.34;96378
1261.95;96373
1262.57;96378
1263.19;96375
1263.8;96378
1264.41;96384
1265.27;96373
1265.64;96373
1266.26;96378
1266.87;96378
1267.49;96373
1268.11;96373
1268.72;96373
1269.34;96381
1269.95;96378
1270.57;96384
1271.18;96370
1271.8;96378
1272.41;96373
1273.29;96373
1273.64;96381
1274.26;96381
1274.87;96373
1275.49;96375
1276.1;96378
1276.72;96373
1277.34;96384
1277.95;96375
1278.57;96378
1279.19;96378
1279.8;96384
1280.42;96375
1281.31;96375
1281.65;96375
1282.26;96375
1282.88;96375
1283.49;96378
1284.11;96375
1284.72;96375
1285.34;96384
1285.95;96381
1286.57;96378
1287.19;96378
1287.8;96381
1288.42;96378
1289.3;96375
1289.65;96381
1290.26;96381
1290.88;96378
1291.49;96375
1292.11;96378
1292.73;96375
1293.34;96367
1293.96;96378
1294.57;96375
1295.19;96378
1295.8;96378
1296.42;96378
1297.33;96375
1297.66;96370
1298.26;96373
1298.88;96373
1299.5;96378
1300.11;96378
1300.73;96381
1301.34;96375
1301.96;96381
1302.57;96378
1303.19;96378
1303.8;96375
1304.42;96378
1305.34;96378
1305.65;96375
1306.27;96375
1306.88;96375
1307.5;96375
1308.11;96378
1308.73;96381
1309.35;96378
1309.96;96378
1310.58;96378
1311.19;96375
1311.81;96381
1312.42;96375
1313.47;96375
1313.66;96378
1314.27;96367
1314.89;96378
1315.5;96373
1316.12;96378
1316.73;96370
1317.35;96378
1317.97;96384
1318.58;96384
1319.2;96381
1319.81;96373
1320.43;96378
1321.41;96381
1321.66;96375
1322.27;96378
1322.89;96375
1323.5;96373
1324.12;96375
1324.73;96375
1325.35;96378
1325.97;96373
1326.58;96378
1327.2;96375
1327.81;96381
1328.43;96381
1329.45;96378
1329.66;96378
1330.28;96378
1330.89;96375
1331.5;96375
1332.12;96378
1332.74;96373
1333.36;96378
1333.97;96373
1334.58;96378
1335.2;96375
1335.82;96375
1336.43;96381
1337.46;96373
1337.66;96375
1338.28;96378
1338.89;96375
1339.51;96378
1340.12;96378
1340.74;96378
1341.35;96378
1341.97;96375
1342.59;96373
1343.2;96378
1343.82;96375
1344.43;96373
1345.46;96373
1345.66;96375
1346.28;96375
1346.89;96378
1347.51;96373
1348.12;96370
1348.74;96375
1349.36;96381
1349.97;96373
1350.59;96375
1351.2;96381
1351.82;96375
1352.43;96378
1353.48;96378
1353.67;96378
1354.28;96370
1354.9;96378
1355.51;96375
1356.13;96375
1356.74;96375
1357.36;96378
1357.98;96375
1358.59;96367
1359.21;96378
1359.82;96378
1360.43;96375
1361.5;96375
1361.67;96378
1362.28;96370
1362.9;96375
1363.51;96378
1364.13;96375
1364.74;96375
1365.36;96375
1365.97;96373
1366.59;96373
1367.2;96375
1367.82;96375
1368.43;96378
1369.51;96375
1369.67;96386
1370.28;96375
1370.9;96375
1371.51;96373
1372.13;96384
1372.74;96381
1373.36;96375
1373.98;96381
1374.59;96381
1375.21;96378
1375.82;96375
1376.44;96370
1377.56;96378
1377.67;96373
1378.29;96378
1378.9;96384
1379.52;96381
1380.13;96378
1380.74;96373
1381.36;96378
1381.98;96373
1382.59;96373
1383.21;96373
1383.82;96378
1384.44;96375
1385.52;96373
1385.67;96373
1386.28;96378
1386.9;96373
1387.51;96373
1388.13;96381
1388.74;96384
1389.36;96378
1389.98;96378
1390.59;96373
1391.21;96375
1391.82;96378
1392.44;96384
1393.53;96378
1393.67;96373
1394.3;96373
1394.9;96375
1395.52;96373
1396.13;96375
1396.75;96378
1397.36;96378
1397.98;96373
1398.59;96373
1399.21;96375
1399.83;96375
1400.44;96378
1401.57;96375
1401.67;96375
1402.29;96375
1402.9;96373
1403.52;96375
1404.13;96375
1404.75;96373
1405.37;96378
1405.98;96375
1406.59;96373
1407.21;96375
1407.82;96378
1408.44;96378
1409.59;96384
1409.68;96375
1410.29;96378
1410.9;96373
1411.52;96378
1412.14;96373
1412.75;96373
1413.37;96373
1413.98;96373
1414.6;96378
1415.21;96375
1415.83;96381
1416.44;96378
1417.6;96373
1417.68;96370
1418.29;96375
1418.91;96381
1419.52;96370
1420.14;96370
1420.75;96373
1421.37;96367
1421.98;96375
1422.6;96375
1423.22;96381
1423.83;96373
1424.45;96375
1425.62;96375
1425.68;96378
1426.29;96370
1426.91;96378
1427.52;96378
1428.14;96378
1428.75;96375
1429.37;96373
1429.99;96378
1430.6;96378
1431.22;96378
1431.83;96378
1432.45;96375
1433.64;96373
1433.68;96370
1434.29;96375
1434.91;96375
1435.53;96378
1436.14;96375
1436.76;96384
1437.38;96373
1437.99;96378
1438.61;96384
1439.22;96378
1439.84;96384
1440.46;96375
1441.7;96381
1441.68;96373
1442.3;96375
1442.91;96373
1443.53;96375
1444.14;96378
1444.76;96375
1445.38;96378
1445.99;96373
1446.61;96373
1447.22;96370
1447.84;96378
1448.45;96373
1449.68;96373
1449.68;96378
1450.3;96375
1450.91;96384
1451.53;96375
1452.14;96373
1452.76;96373
1453.38;96373
1453.99;96373
1454.61;96375
1455.22;96373
1455.84;96373
1456.45;96378
1457.74;96373
1457.68;96381
1458.3;96381
1458.91;96375
1459.53;96373
1460.15;96375
1460.76;96381
1461.38;96381
1461.99;96375
1462.61;96375
1463.22;96367
1463.84;96373
1464.45;96373
1465.71;96375
1465.69;96373
1466.31;96373
1466.92;96373
1467.53;96378
1468.15;96367
1468.76;96373
1469.38;96370
1469.99;96381
1470.61;96381
1471.23;96375
1471.84;96367
1472.46;96373
1473.72;96375
1473.69;96375
1474.3;96370
1474.92;96378
1475.53;96373
1476.15;96373
1476.76;96370
1477.38;96373
1477.99;96373
1478.61;96378
1479.22;96373
1479.84;96378
1480.46;96373
1481.72;96375
1481.69;96373
1482.3;96373
1482.92;96373
1483.53;96370
1484.15;96370
1484.77;96378
1485.39;96375
1485.99;96378
1486.61;96378
1487.22;96373
1487.84;96370
1488.45;96370
1489.7;96373
1489.69;96381
1490.3;96373
1490.93;96378
1491.53;96370
1492.15;96378
1492.77;96373
1493.38;96375
1493.99;96373
1494.61;96370
1495.23;96378
1495.85;96378
1496.46;96375
1497.78;96373
1497.69;96370
1498.31;96375
1498.92;96373
1499.54;96381
1500.15;96373
1500.77;96375
1501.39;96373
1502.25;96375
1502.61;96375
1503.23;96381
1503.84;96378
1504.46;96373
1505.84;96370
1505.69;96373
1506.31;96375
1506.92;96381
1507.54;96378
1508.15;96375
1508.77;96378
1509.38;96378
1510;96375
1510.61;96370
1511.23;96375
1511.84;96378
1512.46;96370
1513.77;96375
1513.69;96373
1514.31;96367
1514.92;96378
1515.54;96370
1516.16;96381
1516.77;96375
1517.39;96378
1518.13;96367
1518.62;96378
1519.24;96375
1519.85;96373
1520.46;96373
1521.8;96373
1521.69;96373
1522.31;96378
1522.94;96378
1523.54;96370
1524.16;96378
1524.77;96378
1525.39;96367
1526.41;96378
1526.62;96375
1527.23;96384
1527.85;96367
1528.46;96375
1529.8;96378
1529.7;96373
1530.31;96370
1530.93;96378
1531.54;96378
1532.16;96378
1532.77;96378
1533.39;96373
1534.58;96373
1534.62;96373
1535.24;96378
1535.85;96370
1536.47;96375
1537.83;96375
1537.7;96373
1538.31;96373
1538.93;96367
1539.54;96367
1540.16;96373
1540.77;96384
1541.39;96378
1542.68;96367
1542.62;96373
1543.24;96373
1543.85;96378
1544.47;96373
