Time;Temperature
0.819215;34.33
1.43416;34.32
2.50478;34.33
2.66493;34.32
3.28303;34.32
3.92228;34.33
4.51301;34.33
5.128;34.28
5.74346;34.32
6.35898;34.32
6.97403;34.32
7.58937;34.32
8.20797;34.33
8.82359;34.34
9.43622;34.34
10.5158;34.33
10.6688;34.33
11.2826;34.32
11.8978;34.32
12.5141;34.33
13.1286;34.33
13.7436;34.33
14.3595;34.33
14.9742;34.28
15.5896;34.33
16.2051;34.34
16.8202;34.32
17.4361;34.32
18.5085;34.28
18.6672;34.34
19.2824;34.33
19.8978;34.33
20.5135;34.33
21.128;34.33
21.7429;34.33
22.3585;34.33
22.9788;34.33
23.5988;34.33
24.2099;34.32
24.8258;34.33
25.44;34.33
26.559;34.33
26.6718;34.33
27.286;34.34
27.9046;34.33
28.5175;34.34
29.1346;34.32
29.7472;34.33
30.3628;34.34
30.979;34.33
31.5951;34.33
32.2105;34.33
32.8239;34.33
33.4426;34.34
34.5633;34.34
34.6716;34.33
35.2869;34.34
35.9018;34.33
36.5173;34.34
37.1336;34.34
37.7475;34.33
38.3632;34.34
38.9805;34.34
39.5955;34.34
40.2113;34.34
40.8275;34.34
41.4419;34.33
42.5734;34.28
42.6727;34.29
43.2884;34.33
43.9073;34.33
44.5185;34.34
45.1358;34.29
45.7493;34.34
46.3648;34.33
46.9801;34.34
47.5968;34.34
48.2243;34.33
48.8261;34.34
49.4463;34.35
50.5792;34.34
50.6796;34.33
51.2888;34.33
51.9041;34.34
52.5193;34.34
53.1347;34.33
53.7501;34.34
54.3659;34.34
54.9812;34.33
55.5988;34.34
56.2122;34.35
56.8268;34.34
57.4425;34.34
58.5778;34.28
58.673;34.35
59.2916;34.34
59.907;34.34
60.522;34.34
61.1382;34.34
61.7523;34.35
62.3679;34.35
62.983;34.34
63.5982;34.34
64.2144;34.3
64.8296;34.35
65.448;34.35
66.5976;34.35
66.6749;34.35
67.2926;34.34
67.906;34.31
68.5211;34.34
69.1368;34.35
69.7556;34.35
70.3683;34.35
70.9841;34.34
71.5977;34.35
72.2132;34.35
72.8284;34.34
73.4439;34.35
74.5891;34.35
74.6748;34.35
75.2899;34.34
75.905;34.36
76.5208;34.31
77.1384;34.31
77.7509;34.35
78.3671;34.35
78.9822;34.35
79.5983;34.35
80.213;34.35
80.829;34.35
81.4536;34.35
82.5873;34.35
82.6737;34.34
83.2898;34.35
83.9048;34.36
84.523;34.36
85.1381;34.33
85.7531;34.35
86.3689;34.35
86.9851;34.36
87.5992;34.35
88.2148;34.36
88.8302;34.35
89.4523;34.31
90.7218;34.36
90.6781;34.35
91.2958;34.35
91.9089;34.31
92.5294;34.35
93.1399;34.36
93.7547;34.36
94.371;34.34
94.9865;34.35
95.601;34.37
96.2168;34.36
96.8317;34.36
97.4471;34.36
98.6268;34.36
98.6779;34.35
99.2935;34.37
99.9097;34.36
100.525;34.35
101.142;34.36
101.756;34.36
102.371;34.37
102.986;34.36
103.602;34.35
104.218;34.32
104.835;34.36
105.45;34.36
106.651;34.36
106.681;34.38
107.296;34.36
107.912;34.37
108.526;34.37
109.142;34.37
109.757;34.36
110.377;34.36
110.991;34.37
111.605;34.36
112.221;34.36
112.836;34.37
113.451;34.36
114.699;34.32
114.682;34.37
115.297;34.36
115.913;34.37
116.528;34.37
117.146;34.37
117.758;34.35
118.374;34.37
118.99;34.37
119.604;34.32
120.221;34.35
120.837;34.36
121.453;34.37
122.672;34.37
122.682;34.33
123.298;34.33
123.913;34.37
124.529;34.36
125.147;34.37
125.76;34.32
126.375;34.32
126.991;34.37
127.606;34.37
128.222;34.37
128.837;34.37
129.452;34.38
130.729;34.37
130.685;34.36
131.301;34.38
131.916;34.37
132.531;34.37
133.146;34.37
133.763;34.37
134.377;34.37
134.993;34.36
135.608;34.33
136.223;34.37
136.838;34.36
137.454;34.37
138.69;34.33
138.684;34.32
139.3;34.38
139.915;34.36
140.531;34.38
141.148;34.37
141.762;34.37
142.377;34.37
142.993;34.38
143.607;34.37
144.223;34.32
144.838;34.33
146.686;34.38
147.302;34.37
147.917;34.38
148.533;34.38
149.15;34.37
149.763;34.37
150.38;34.38
150.999;34.32
151.612;34.38
152.226;34.37
152.842;34.38
153.457;34.38
154.733;34.37
154.687;34.37
155.304;34.37
155.919;34.37
156.534;34.38
157.149;34.37
157.764;34.37
158.38;34.37
158.998;34.38
159.61;34.37
160.226;34.34
160.844;34.39
161.457;34.37
162.715;34.37
162.687;34.38
163.302;34.34
163.918;34.38
164.534;34.38
165.149;34.39
165.766;34.34
166.394;34.39
166.995;34.38
167.61;34.39
168.228;34.38
168.842;34.37
169.457;34.38
170.718;34.38
170.687;34.38
171.305;34.38
171.923;34.37
172.537;34.38
173.153;34.38
173.768;34.37
174.384;34.38
174.998;34.35
175.614;34.34
176.229;34.38
176.844;34.37
177.461;34.38
178.754;34.38
178.69;34.34
179.306;34.4
179.922;34.38
180.537;34.38
181.153;34.34
181.769;34.33
182.384;34.39
182.999;34.39
183.614;34.38
184.23;34.39
184.845;34.39
185.461;34.39
186.793;34.38
186.696;34.39
187.309;34.33
187.926;34.38
188.541;34.38
189.168;34.38
189.772;34.39
190.39;34.38
191.336;34.38
191.624;34.39
192.234;34.39
192.849;34.39
193.465;34.39
194.811;34.35
194.696;34.38
195.318;34.4
195.927;34.4
196.542;34.38
197.159;34.35
197.773;34.38
198.388;34.4
199.38;34.39
199.619;34.39
200.235;34.34
200.85;34.39
201.47;34.38
202.836;34.39
202.698;34.39
203.314;34.39
203.929;34.39
204.55;34.39
205.171;34.39
205.776;34.41
206.391;34.36
207.721;34.4
207.621;34.39
208.237;34.38
208.852;34.36
209.467;34.36
210.844;34.39
210.698;34.39
211.314;34.39
211.934;34.39
212.545;34.39
213.161;34.39
213.775;34.39
214.392;34.4
215.623;34.39
215.621;34.39
216.237;34.4
216.852;34.39
217.468;34.4
218.836;34.4
218.699;34.39
219.315;34.4
219.933;34.39
220.544;34.4
221.16;34.39
221.779;34.4
222.393;34.4
223.109;34.4
223.624;34.4
224.24;34.39
224.854;34.4
225.47;34.4
226.86;34.39
226.701;34.41
227.316;34.4
227.931;34.39
228.547;34.39
229.162;34.4
229.778;34.4
230.393;34.4
231.791;34.35
231.623;34.4
232.249;34.39
232.855;34.39
233.471;34.35
234.862;34.36
234.701;34.4
235.316;34.39
235.932;34.4
236.548;34.4
237.164;34.35
237.78;34.4
238.395;34.4
239.106;34.4
239.627;34.39
240.241;34.39
240.858;34.39
241.472;34.41
242.913;34.4
242.706;34.4
243.321;34.4
243.937;34.36
244.552;34.4
245.167;34.39
245.782;34.4
246.398;34.4
247.135;34.35
247.628;34.4
248.244;34.4
248.859;34.4
249.475;34.36
250.901;34.4
250.705;34.41
251.321;34.4
251.936;34.4
252.553;34.41
253.166;34.41
253.781;34.4
254.397;34.41
255.123;34.41
255.628;34.4
256.243;34.4
256.858;34.4
257.474;34.41
258.889;34.4
258.704;34.4
259.319;34.36
259.935;34.4
260.55;34.4
261.166;34.41
261.781;34.36
262.4;34.36
263.144;34.39
263.629;34.41
264.245;34.41
264.86;34.41
265.476;34.37
266.924;34.41
266.707;34.41
267.323;34.4
267.938;34.41
268.554;34.35
269.171;34.41
269.784;34.4
270.399;34.4
271.146;34.41
271.631;34.41
272.246;34.4
272.863;34.4
273.476;34.4
274.912;34.4
274.707;34.37
275.322;34.39
275.937;34.41
276.552;34.4
277.168;34.4
277.783;34.41
278.399;34.4
279.14;34.41
279.629;34.41
280.252;34.36
280.86;34.41
281.476;34.41
282.918;34.41
282.713;34.41
283.324;34.37
283.94;34.41
284.555;34.4
285.171;34.41
285.787;34.39
286.402;34.4
287.175;34.41
287.636;34.41
288.255;34.41
288.864;34.41
289.479;34.41
290.957;34.41
290.711;34.41
291.334;34.41
291.94;34.4
292.557;34.37
293.176;34.41
293.791;34.41
294.404;34.41
295.185;34.41
295.634;34.41
296.249;34.4
296.864;34.4
297.485;34.42
298.988;34.41
298.714;34.41
299.329;34.4
299.946;34.4
300.559;34.41
301.176;34.4
301.79;34.41
302.407;34.42
303.216;34.41
303.639;34.41
304.254;34.4
304.869;34.42
305.484;34.4
306.999;34.41
306.715;34.41
307.332;34.41
307.948;34.42
308.566;34.41
309.176;34.41
309.792;34.42
310.407;34.41
311.227;34.41
311.638;34.43
312.255;34.42
312.871;34.4
313.495;34.41
314.1;34.41
314.716;34.4
315.331;34.41
315.947;34.41
316.561;34.42
317.177;34.41
317.792;34.41
318.409;34.42
319.244;34.41
319.643;34.4
320.257;34.41
320.872;34.4
321.487;34.41
322.101;34.41
322.717;34.41
323.332;34.41
323.948;34.4
324.563;34.42
325.178;34.42
325.798;34.41
326.41;34.42
327.289;34.41
327.64;34.41
328.257;34.42
328.87;34.42
329.486;34.42
330.101;34.41
330.717;34.42
331.332;34.42
331.958;34.42
332.569;34.42
333.193;34.37
333.801;34.41
334.419;34.43
335.325;34.42
335.647;34.41
336.264;34.41
336.878;34.42
337.494;34.42
338.11;34.41
338.726;34.41
339.341;34.42
339.957;34.41
340.575;34.42
341.19;34.41
341.801;34.42
342.418;34.42
343.329;34.41
343.648;34.41
344.266;34.41
344.878;34.41
345.494;34.42
346.11;34.42
346.724;34.42
347.34;34.42
347.956;34.42
348.571;34.41
349.187;34.42
349.802;34.42
350.418;34.41
351.331;34.42
351.648;34.42
352.266;34.41
352.879;34.41
353.501;34.42
354.113;34.41
354.727;34.42
355.346;34.42
355.958;34.41
356.573;34.42
357.191;34.41
357.804;34.42
358.419;34.43
359.363;34.42
359.65;34.41
360.267;34.42
360.882;34.41
361.497;34.42
362.112;34.42
362.729;34.42
363.347;34.42
363.959;34.37
364.577;34.41
365.193;34.41
365.809;34.42
366.423;34.42
367.387;34.42
367.654;34.42
368.269;34.41
368.889;34.42
369.501;34.42
370.122;34.43
370.731;34.43
371.347;34.42
371.963;34.41
372.578;34.43
373.193;34.42
373.811;34.41
374.426;34.43
375.408;34.43
375.656;34.42
376.271;34.37
376.887;34.42
377.502;34.42
378.119;34.42
378.732;34.43
379.35;34.38
379.963;34.42
380.578;34.43
381.194;34.43
381.81;34.41
382.424;34.43
383.407;34.43
383.655;34.42
384.272;34.42
384.886;34.42
385.501;34.43
386.117;34.43
386.731;34.43
387.347;34.42
387.962;34.43
388.577;34.38
389.195;34.42
389.809;34.43
390.424;34.42
391.401;34.42
391.656;34.43
392.271;34.39
392.888;34.42
393.502;34.42
394.121;34.42
394.736;34.43
395.352;34.43
395.968;34.43
396.582;34.43
397.197;34.42
397.812;34.43
398.428;34.41
399.428;34.41
399.659;34.41
400.287;34.42
400.891;34.42
401.507;34.43
402.122;34.43
402.738;34.44
403.352;34.42
403.969;34.42
404.583;34.38
405.199;34.43
405.813;34.43
406.429;34.43
407.439;34.43
407.659;34.43
408.275;34.43
408.89;34.44
409.506;34.42
410.122;34.42
410.737;34.43
411.352;34.43
411.967;34.43
412.583;34.42
413.2;34.43
413.814;34.42
414.431;34.43
415.463;34.42
415.664;34.43
416.278;34.38
416.892;34.42
417.509;34.43
418.159;34.43
418.738;34.43
419.354;34.43
419.974;34.39
420.587;34.43
421.202;34.44
421.817;34.43
422.432;34.43
423.508;34.44
423.663;34.42
424.278;34.43
424.894;34.43
425.509;34.38
426.127;34.38
426.74;34.44
427.356;34.42
427.971;34.43
428.586;34.42
429.206;34.43
429.82;34.43
430.438;34.43
431.509;34.43
431.674;34.38
432.281;34.37
432.896;34.43
433.513;34.43
434.127;34.42
434.743;34.39
435.359;34.43
435.973;34.43
436.588;34.44
437.204;34.44
437.819;34.43
438.437;34.39
439.494;34.44
439.665;34.43
440.285;34.44
440.897;34.43
441.513;34.39
442.128;34.44
442.743;34.42
443.36;34.45
443.974;34.39
444.589;34.44
445.206;34.43
445.82;34.44
446.436;34.43
447.51;34.43
447.666;34.39
448.283;34.43
448.897;34.43
449.512;34.43
450.131;34.39
450.747;34.43
451.361;34.44
451.977;34.43
452.592;34.45
453.208;34.43
453.823;34.43
454.438;34.43
455.536;34.44
455.668;34.43
456.284;34.43
456.899;34.44
457.515;34.44
458.13;34.43
458.745;34.44
459.362;34.43
459.977;34.43
460.595;34.44
461.208;34.44
461.823;34.44
462.439;34.44
463.534;34.44
463.67;34.44
464.284;34.43
464.9;34.44
465.515;34.44
466.13;34.44
466.746;34.44
467.361;34.44
467.976;34.44
468.592;34.42
469.207;34.44
469.824;34.43
470.442;34.44
471.558;34.44
471.671;34.39
472.287;34.4
472.902;34.44
473.518;34.43
474.132;34.44
474.748;34.44
475.364;34.4
475.978;34.44
476.594;34.43
477.209;34.45
477.824;34.44
478.44;34.4
479.559;34.44
479.67;34.44
480.286;34.44
480.905;34.45
481.517;34.44
482.134;34.43
482.748;34.44
483.365;34.45
483.979;34.44
484.594;34.44
485.21;34.45
485.826;34.45
486.441;34.44
487.565;34.44
487.672;34.44
488.288;34.45
488.905;34.44
489.519;34.43
490.14;34.43
490.751;34.44
491.366;34.44
491.982;34.45
492.596;34.44
493.212;34.43
493.828;34.44
494.443;34.41
495.582;34.44
495.674;34.44
496.29;34.44
496.904;34.44
497.519;34.44
498.135;34.45
498.75;34.44
499.366;34.44
499.981;34.44
500.596;34.45
501.215;34.43
501.828;34.44
502.443;34.43
503.585;34.4
503.675;34.44
504.289;34.45
504.905;34.45
505.52;34.44
506.151;34.39
506.751;34.39
507.368;34.44
507.983;34.43
508.598;34.45
509.214;34.4
509.829;34.4
510.445;34.43
511.614;34.45
511.677;34.45
512.292;34.45
512.908;34.44
513.524;34.44
514.138;34.45
514.753;34.44
515.369;34.45
515.985;34.4
516.6;34.45
517.217;34.44
517.832;34.45
518.449;34.44
519.639;34.44
519.679;34.45
520.294;34.44
520.911;34.45
521.526;34.44
522.141;34.44
522.756;34.44
523.371;34.43
523.989;34.45
524.602;34.44
525.218;34.45
525.833;34.45
526.451;34.44
527.664;34.45
527.682;34.41
528.297;34.44
528.913;34.45
529.527;34.44
530.146;34.45
530.758;34.45
531.376;34.44
531.99;34.45
532.605;34.44
533.22;34.45
533.836;34.4
534.451;34.4
535.66;34.45
535.682;34.44
536.297;34.45
536.914;34.45
537.528;34.45
538.148;34.45
538.759;34.46
539.373;34.45
539.989;34.46
540.604;34.45
541.221;34.46
541.836;34.45
542.45;34.46
543.652;34.41
543.681;34.41
544.296;34.45
544.911;34.44
545.527;34.45
546.142;34.41
546.757;34.41
547.372;34.46
547.988;34.46
548.603;34.45
549.219;34.46
549.834;34.46
550.449;34.47
551.648;34.45
551.682;34.45
552.3;34.46
552.913;34.45
553.528;34.46
554.144;34.46
554.759;34.45
555.374;34.41
555.99;34.42
556.605;34.45
557.22;34.46
557.835;34.45
558.451;34.46
559.663;34.41
559.681;34.45
560.303;34.45
560.913;34.46
561.527;34.46
562.147;34.4
562.759;34.45
563.375;34.45
563.992;34.46
564.606;34.45
565.221;34.42
565.836;34.46
566.46;34.46
567.676;34.47
567.684;34.45
568.297;34.46
568.913;34.45
569.528;34.46
570.143;34.45
570.759;34.45
571.374;34.45
571.99;34.45
572.607;34.45
573.222;34.46
573.838;34.42
574.452;34.41
575.697;34.45
575.683;34.46
576.298;34.46
576.915;34.46
577.53;34.42
578.146;34.47
578.76;34.46
579.377;34.45
579.991;34.46
580.606;34.41
581.222;34.46
581.837;34.46
582.458;34.46
583.71;34.46
583.686;34.45
584.303;34.45
584.917;34.46
585.532;34.46
586.147;34.46
586.763;34.47
587.379;34.46
587.994;34.46
588.609;34.46
589.224;34.47
589.839;34.42
590.455;34.46
591.717;34.46
591.691;34.46
592.309;34.46
592.919;34.46
593.535;34.47
594.151;34.46
594.779;34.47
595.384;34.41
595.997;34.46
596.617;34.46
597.237;34.45
597.858;34.45
598.466;34.46
599.755;34.46
599.69;34.47
600.306;34.47
600.921;34.46
601.536;34.47
602.153;34.45
602.769;34.46
603.382;34.45
603.999;34.47
604.613;34.46
605.228;34.45
605.844;34.46
606.459;34.46
607.897;34.47
607.702;34.48
608.306;34.46
608.928;34.46
609.549;34.46
610.151;34.45
610.767;34.43
611.386;34.46
611.999;34.47
612.616;34.45
613.23;34.46
613.849;34.42
614.462;34.42
615.762;34.46
615.691;34.46
616.317;34.46
616.922;34.45
617.537;34.46
618.153;34.45
618.768;34.46
619.383;34.46
619.999;34.47
620.614;34.46
621.234;34.45
621.844;34.47
622.46;34.48
623.788;34.46
623.692;34.42
624.308;34.46
624.922;34.46
625.538;34.46
626.154;34.46
626.777;34.4
627.384;34.46
628;34.47
628.614;34.45
629.231;34.46
629.845;34.45
630.46;34.46
631.767;34.46
631.692;34.45
632.308;34.42
632.931;34.42
633.54;34.47
634.155;34.47
634.772;34.46
635.387;34.45
636.206;34.47
636.617;34.46
637.232;34.46
637.848;34.46
638.463;34.46
639.791;34.47
639.694;34.46
640.314;34.46
640.937;34.47
641.545;34.46
642.161;34.47
642.788;34.47
643.395;34.48
644.956;34.46
644.626;34.47
645.24;34.46
645.855;34.47
646.471;34.45
647.897;34.47
647.712;34.46
648.318;34.47
648.933;34.47
649.548;34.46
650.165;34.46
650.779;34.47
651.394;34.46
652.969;34.46
652.626;34.47
653.241;34.47
653.856;34.42
654.472;34.47
655.877;34.46
655.702;34.46
656.317;34.47
656.933;34.47
657.548;34.46
658.165;34.46
658.779;34.48
659.394;34.46
660.105;34.48
660.634;34.42
661.24;34.47
661.866;34.46
662.471;34.46
663.977;34.47
663.706;34.43
664.321;34.46
664.938;34.46
665.552;34.48
666.168;34.47
666.786;34.42
667.403;34.47
668.135;34.47
668.629;34.47
669.248;34.47
669.859;34.47
670.475;34.46
671.939;34.47
671.706;34.46
672.324;34.47
672.936;34.46
673.551;34.47
674.167;34.46
674.784;34.45
675.398;34.46
676.131;34.43
676.628;34.47
677.243;34.46
677.859;34.46
678.478;34.47
679.895;34.47
679.705;34.46
680.32;34.48
680.936;34.47
681.556;34.47
682.166;34.48
682.782;34.46
683.4;34.47
684.129;34.46
684.628;34.46
685.243;34.48
685.858;34.43
686.474;34.47
687.894;34.45
687.704;34.46
688.32;34.43
688.937;34.42
689.553;34.46
690.168;34.47
690.783;34.46
691.399;34.42
692.144;34.42
692.63;34.47
693.245;34.46
693.861;34.46
694.476;34.48
695.921;34.42
695.706;34.47
696.322;34.47
696.938;34.47
697.552;34.42
698.168;34.42
698.784;34.47
699.398;34.47
700.141;34.48
700.629;34.46
701.245;34.47
701.86;34.47
702.475;34.46
703.911;34.47
703.707;34.42
704.323;34.43
704.938;34.46
705.552;34.47
706.168;34.47
706.783;34.46
707.404;34.46
708.133;34.47
708.629;34.46
709.244;34.48
709.859;34.47
710.475;34.43
711.901;34.48
711.705;34.47
712.321;34.46
712.936;34.47
713.551;34.46
714.169;34.47
714.786;34.46
715.399;34.47
716.146;34.47
716.63;34.42
717.246;34.47
717.861;34.46
718.478;34.48
719.919;34.47
719.707;34.47
720.326;34.49
720.938;34.47
721.553;34.48
722.168;34.47
722.784;34.48
723.4;34.47
724.145;34.47
724.633;34.46
725.246;34.46
725.86;34.48
726.476;34.48
727.91;34.48
727.706;34.48
728.322;34.48
728.938;34.48
729.553;34.46
730.168;34.47
730.784;34.48
731.398;34.48
732.141;34.42
732.629;34.46
733.245;34.49
733.86;34.46
734.488;34.46
735.926;34.43
735.707;34.48
736.322;34.48
736.938;34.47
737.553;34.43
738.168;34.43
738.783;34.47
739.401;34.49
740.151;34.49
740.632;34.47
741.247;34.43
741.861;34.48
742.477;34.48
743.917;34.49
743.707;34.47
744.323;34.43
744.944;34.46
745.556;34.48
746.171;34.48
746.786;34.43
747.401;34.43
748.189;34.48
748.632;34.48
749.248;34.48
749.872;34.47
750.478;34.43
751.933;34.49
751.708;34.48
752.324;34.47
752.939;34.48
753.555;34.47
754.17;34.49
754.786;34.47
755.402;34.47
756.16;34.47
756.631;34.44
757.247;34.48
757.862;34.49
758.479;34.48
759.942;34.48
759.71;34.43
760.326;34.49
760.94;34.48
761.555;34.48
762.171;34.44
762.786;34.44
763.401;34.48
764.175;34.48
764.632;34.49
765.253;34.48
765.863;34.48
766.478;34.49
767.936;34.48
767.71;34.47
768.324;34.48
768.94;34.47
769.555;34.48
770.174;34.47
770.787;34.49
771.401;34.48
772.162;34.49
772.631;34.49
773.248;34.49
773.862;34.49
774.478;34.48
775.976;34.49
775.708;34.48
776.324;34.48
776.939;34.49
777.555;34.48
778.171;34.49
778.785;34.49
779.401;34.48
780.214;34.49
780.635;34.43
781.25;34.44
781.865;34.49
782.48;34.49
783.96;34.49
783.711;34.48
784.326;34.47
784.942;34.48
785.559;34.48
786.178;34.49
786.788;34.43
787.403;34.43
788.187;34.48
788.634;34.47
789.25;34.49
789.866;34.48
790.483;34.44
791.976;34.48
791.713;34.49
792.328;34.47
792.944;34.48
793.559;34.48
794.174;34.48
794.799;34.49
795.41;34.49
796.214;34.48
796.638;34.48
797.26;34.46
797.867;34.48
798.484;34.49
799.984;34.48
799.714;34.44
800.333;34.48
800.947;34.48
801.563;34.49
802.178;34.49
802.794;34.44
803.409;34.49
804.25;34.49
804.639;34.49
805.255;34.49
805.878;34.49
806.489;34.49
807.105;34.49
807.72;34.49
808.336;34.45
808.952;34.49
809.567;34.49
810.185;34.49
810.797;34.48
811.413;34.48
812.28;34.48
812.643;34.48
813.259;34.49
813.874;34.49
814.489;34.49
815.105;34.49
815.724;34.49
816.339;34.49
816.955;34.5
817.57;34.48
818.188;34.49
818.801;34.48
819.417;34.48
820.317;34.5
820.647;34.45
821.263;34.43
821.878;34.49
822.493;34.49
823.109;34.48
823.724;34.48
824.349;34.49
824.955;34.49
825.572;34.51
826.188;34.5
826.801;34.49
827.416;34.49
828.316;34.49
828.647;34.49
829.262;34.51
829.877;34.49
830.493;34.44
831.108;34.49
831.724;34.49
832.339;34.5
832.955;34.48
833.569;34.45
834.186;34.48
834.8;34.49
835.416;34.5
836.35;34.49
836.65;34.5
837.265;34.49
837.88;34.48
838.495;34.49
839.11;34.49
839.731;34.44
840.341;34.47
840.957;34.48
841.572;34.51
842.187;34.5
842.802;34.45
843.419;34.51
844.332;34.5
844.649;34.49
845.266;34.51
845.88;34.49
846.498;34.44
847.112;34.51
847.729;34.5
848.341;34.48
848.96;34.49
849.571;34.49
850.187;34.49
850.802;34.49
851.418;34.5
852.338;34.49
852.648;34.51
853.263;34.51
853.879;34.49
854.494;34.49
855.109;34.49
855.726;34.44
856.341;34.5
856.956;34.49
857.572;34.51
858.187;34.49
858.802;34.49
859.418;34.49
860.334;34.51
860.648;34.49
861.266;34.49
861.88;34.49
862.495;34.51
863.111;34.51
863.726;34.49
864.342;34.45
864.957;34.51
865.575;34.49
866.189;34.51
866.804;34.51
867.42;34.44
868.356;34.45
868.651;34.5
869.267;34.51
869.882;34.49
870.499;34.51
871.113;34.52
871.728;34.49
872.343;34.51
872.958;34.5
873.573;34.46
874.189;34.45
874.804;34.49
875.42;34.51
876.362;34.49
876.651;34.52
877.266;34.45
877.881;34.51
878.497;34.5
879.112;34.51
879.727;34.49
880.343;34.45
880.958;34.51
881.577;34.49
882.192;34.51
882.806;34.51
883.421;34.51
884.378;34.5
884.654;34.49
885.269;34.51
885.885;34.51
886.499;34.5
887.125;34.51
887.732;34.49
888.347;34.51
888.962;34.51
889.578;34.51
890.193;34.51
890.808;34.49
891.424;34.51
892.397;34.51
892.654;34.51
893.275;34.51
893.885;34.51
894.502;34.5
895.116;34.51
895.731;34.51
896.348;34.51
896.974;34.51
897.579;34.5
898.196;34.51
898.81;34.52
899.425;34.51
900.415;34.49
900.656;34.51
901.271;34.46
901.888;34.46
902.505;34.51
903.118;34.52
903.733;34.51
904.361;34.45
904.967;34.51
905.579;34.51
906.196;34.51
906.81;34.51
907.43;34.51
908.467;34.51
908.658;34.51
909.273;34.5
909.888;34.51
910.504;34.51
911.119;34.49
911.734;34.5
912.352;34.51
912.966;34.51
913.582;34.51
914.197;34.45
914.812;34.52
915.428;34.51
916.438;34.51
916.658;34.46
917.274;34.51
917.89;34.51
918.505;34.51
919.12;34.52
919.736;34.5
920.351;34.49
920.967;34.51
921.584;34.51
922.201;34.51
922.814;34.51
923.43;34.51
924.445;34.51
924.66;34.52
925.276;34.51
925.89;34.51
926.508;34.52
927.121;34.52
927.738;34.51
928.354;34.52
928.969;34.51
929.585;34.46
930.2;34.51
930.823;34.51
931.432;34.51
932.504;34.52
932.663;34.46
933.279;34.52
933.894;34.51
934.51;34.52
935.125;34.51
935.739;34.46
936.356;34.51
936.971;34.51
937.587;34.52
938.202;34.51
938.816;34.51
939.432;34.51
940.47;34.52
940.663;34.52
941.278;34.52
941.894;34.51
942.51;34.5
943.131;34.51
943.741;34.51
944.362;34.52
944.973;34.52
945.593;34.51
946.205;34.51
946.818;34.51
947.436;34.52
948.538;34.52
948.666;34.52
949.282;34.52
949.899;34.51
950.515;34.51
951.129;34.52
951.743;34.51
952.359;34.52
952.976;34.52
953.589;34.51
954.206;34.51
954.824;34.51
955.436;34.5
956.513;34.52
956.671;34.52
957.282;34.52
957.9;34.51
958.516;34.52
959.137;34.52
959.746;34.51
960.362;34.51
960.978;34.51
961.593;34.51
962.209;34.51
962.824;34.5
963.44;34.51
964.558;34.53
964.67;34.5
965.287;34.52
965.901;34.52
966.518;34.52
967.133;34.51
967.748;34.52
968.366;34.51
968.979;34.52
969.594;34.51
970.209;34.51
970.825;34.52
971.44;34.52
972.552;34.53
972.67;34.46
973.286;34.52
973.902;34.51
974.516;34.52
975.132;34.52
975.747;34.46
976.364;34.53
976.978;34.52
977.594;34.52
978.211;34.52
978.827;34.46
979.442;34.52
980.571;34.52
980.672;34.52
981.287;34.52
981.903;34.52
982.518;34.52
983.134;34.52
983.749;34.52
984.366;34.52
984.98;34.51
985.595;34.52
986.21;34.52
986.827;34.51
987.441;34.52
988.568;34.51
988.675;34.51
989.288;34.52
989.903;34.52
990.518;34.52
991.133;34.52
991.748;34.47
992.364;34.51
992.979;34.52
993.595;34.51
994.21;34.52
994.825;34.46
995.442;34.52
996.559;34.52
996.672;34.52
997.291;34.46
997.902;34.52
998.518;34.51
999.133;34.51
999.754;34.51
1000.36;34.46
1000.98;34.46
1001.59;34.52
1002.21;34.51
1002.82;34.52
1003.44;34.48
1004.58;34.45
1004.67;34.52
1005.29;34.51
1005.9;34.51
1006.52;34.52
1007.14;34.52
1007.75;34.52
1008.37;34.52
1008.99;34.52
1009.6;34.52
1010.22;34.45
1010.83;34.52
1011.44;34.51
1012.59;34.52
1012.67;34.52
1013.29;34.52
1013.91;34.51
1014.52;34.51
1015.14;34.52
1015.75;34.51
1016.37;34.45
1016.98;34.52
1017.6;34.52
1018.21;34.52
1018.83;34.52
1019.44;34.51
1020.61;34.51
1020.68;34.51
1021.29;34.52
1021.91;34.51
1022.52;34.48
1023.14;34.52
1023.75;34.51
1024.37;34.52
1024.99;34.52
1025.6;34.52
1026.21;34.5
1026.83;34.52
1027.44;34.52
1028.6;34.52
1028.68;34.52
1029.29;34.52
1029.91;34.52
1030.52;34.52
1031.14;34.51
1031.75;34.52
1032.37;34.53
1032.98;34.52
1033.6;34.52
1034.22;34.46
1034.83;34.51
1035.44;34.51
1036.6;34.52
1036.68;34.52
1037.29;34.47
1037.91;34.52
1038.52;34.52
1039.14;34.52
1039.75;34.52
1040.37;34.46
1040.99;34.52
1041.6;34.53
1042.22;34.52
1042.83;34.51
1043.45;34.52
1044.66;34.52
1044.68;34.52
1045.29;34.51
1045.91;34.52
1046.52;34.46
1047.14;34.47
1047.76;34.51
1048.37;34.51
1048.99;34.53
1049.6;34.52
1050.22;34.47
1050.83;34.51
1051.45;34.53
1052.65;34.52
1052.68;34.53
1053.3;34.48
1053.91;34.53
1054.53;34.52
1055.14;34.53
1055.76;34.52
1056.37;34.47
1056.99;34.52
1057.6;34.52
1058.22;34.52
1058.83;34.52
1059.45;34.47
1060.65;34.52
1060.68;34.51
1061.3;34.52
1061.91;34.46
1062.53;34.48
1063.14;34.52
1063.76;34.53
1064.38;34.52
1064.99;34.52
1065.61;34.51
1066.22;34.53
1066.84;34.52
1067.45;34.52
1068.68;34.51
1068.68;34.48
1069.3;34.53
1069.92;34.53
1070.53;34.52
1071.15;34.53
1071.76;34.53
1072.38;34.52
1072.99;34.53
1073.61;34.52
1074.23;34.54
1074.84;34.53
1075.46;34.52
1076.71;34.53
1076.69;34.53
1077.3;34.52
1077.92;34.53
1078.53;34.53
1079.15;34.54
1079.77;34.53
1080.38;34.53
1081;34.54
1081.61;34.53
1082.23;34.52
1082.84;34.52
1083.46;34.52
1084.74;34.53
1084.69;34.52
1085.3;34.53
1085.92;34.52
1086.54;34.48
1087.16;34.53
1087.77;34.52
1088.38;34.53
1089;34.53
1089.62;34.53
1090.23;34.52
1090.84;34.53
1091.46;34.53
1092.74;34.54
1092.69;34.53
1093.3;34.52
1093.92;34.52
1094.53;34.51
1095.15;34.53
1095.77;34.48
1096.38;34.53
1097;34.53
1097.61;34.53
1098.23;34.53
1098.84;34.53
1099.46;34.54
1100.75;34.53
1100.69;34.54
1101.31;34.52
1101.92;34.48
1102.55;34.48
1103.15;34.53
1103.77;34.53
1104.38;34.53
1105;34.53
1105.61;34.49
1106.23;34.53
1106.84;34.54
1107.46;34.53
1108.76;34.49
1108.69;34.48
1109.31;34.54
1109.92;34.53
1110.54;34.53
1111.16;34.53
1111.77;34.53
1112.38;34.53
1113;34.53
1113.61;34.53
1114.25;34.53
1114.85;34.53
1115.46;34.54
1116.77;34.53
1116.69;34.53
1117.31;34.52
1117.92;34.48
1118.54;34.54
1119.15;34.54
1119.77;34.53
1120.39;34.49
1121.38;34.49
1121.62;34.55
1122.23;34.53
1122.85;34.53
1123.47;34.53
1124.81;34.54
1124.7;34.54
1125.31;34.52
1125.93;34.53
1126.54;34.53
1127.16;34.52
1127.78;34.53
1128.39;34.54
1129.46;34.53
1129.62;34.48
1130.24;34.53
1130.85;34.53
1131.47;34.54
1132.83;34.54
1132.7;34.54
1133.31;34.49
1133.93;34.54
1134.54;34.53
1135.16;34.53
1135.77;34.53
1136.39;34.54
1137.46;34.53
1137.62;34.54
1138.24;34.53
1138.85;34.53
1139.47;34.54
1140.82;34.54
1140.7;34.53
1141.31;34.53
1141.93;34.54
1142.54;34.54
1143.16;34.54
1143.78;34.54
1144.39;34.53
1145.64;34.54
1145.62;34.49
1146.24;34.54
1146.85;34.54
1147.47;34.54
1148.86;34.48
1148.7;34.53
1149.32;34.53
1149.93;34.52
1150.55;34.54
1151.16;34.54
1151.78;34.53
1152.39;34.53
1153.84;34.53
1153.62;34.53
1154.24;34.48
1154.85;34.49
1155.47;34.54
1156.86;34.53
1156.7;34.54
1157.32;34.53
1157.93;34.52
1158.55;34.53
1159.17;34.54
1159.78;34.54
1160.39;34.49
1161.95;34.49
1161.62;34.54
1162.24;34.53
1162.86;34.53
1163.47;34.53
1164.87;34.5
1164.7;34.53
1165.32;34.54
1165.93;34.53
1166.55;34.54
1167.16;34.53
1167.78;34.53
1168.39;34.54
1169.95;34.54
1169.62;34.54
1170.24;34.54
1170.86;34.53
1171.47;34.54
1172.87;34.53
1172.7;34.48
1173.32;34.49
1173.93;34.54
1174.55;34.54
1175.16;34.53
1175.78;34.53
1176.4;34.49
1177.1;34.53
1177.63;34.54
1178.24;34.54
1178.86;34.54
1179.47;34.48
1180.88;34.53
1180.7;34.54
1181.32;34.53
1181.93;34.54
1182.56;34.48
1183.17;34.54
1183.78;34.53
1184.4;34.54
1185.12;34.54
1185.63;34.55
1186.25;34.53
1186.86;34.53
1187.47;34.54
1188.9;34.52
1188.71;34.53
1189.32;34.54
1189.94;34.53
1190.57;34.53
1191.17;34.53
1191.78;34.53
1192.4;34.53
1193.12;34.54
1193.63;34.54
1194.24;34.54
1194.86;34.54
1195.47;34.53
1196.89;34.54
1196.7;34.54
1197.32;34.54
1197.94;34.53
1198.55;34.54
1199.17;34.54
1199.79;34.54
1200.41;34.55
1201.13;34.53
1201.63;34.54
1202.25;34.54
1202.86;34.53
1203.48;34.54
1204.93;34.54
1204.71;34.53
1205.32;34.53
1205.94;34.53
1206.55;34.54
1207.17;34.54
1207.78;34.54
1208.4;34.54
1209.17;34.53
1209.63;34.54
1210.25;34.53
1210.86;34.54
1211.48;34.54
1212.95;34.53
1212.71;34.53
1213.32;34.54
1213.94;34.54
1214.56;34.53
1215.17;34.53
1215.79;34.54
1216.41;34.49
1217.21;34.53
1217.64;34.53
1218.25;34.53
1218.87;34.54
1219.48;34.54
1220.97;34.53
1220.71;34.53
1221.34;34.53
1221.95;34.53
1222.56;34.48
1223.18;34.53
1223.79;34.54
1224.41;34.54
1225.21;34.49
1225.64;34.53
1226.26;34.55
1226.87;34.53
1227.48;34.54
1228.99;34.53
1228.71;34.54
1229.33;34.54
1229.94;34.53
1230.56;34.53
1231.18;34.54
1231.79;34.48
1232.41;34.54
1233.22;34.54
1233.64;34.53
1234.26;34.53
1234.87;34.53
1235.49;34.53
1236.99;34.54
1236.71;34.54
1237.33;34.54
1237.95;34.5
1238.56;34.54
1239.18;34.54
1239.79;34.53
1240.41;34.53
1241.23;34.53
1241.64;34.53
1242.26;34.54
1242.87;34.54
1243.49;34.54
1244.1;34.48
1244.72;34.52
1245.33;34.54
1245.95;34.54
1246.56;34.53
1247.18;34.54
1247.79;34.48
1248.41;34.55
1249.24;34.52
1249.64;34.54
1250.25;34.54
1250.87;34.48
1251.48;34.54
1252.1;34.55
1252.72;34.54
1253.33;34.54
1253.95;34.54
1254.56;34.54
1255.19;34.53
1255.79;34.53
1256.41;34.54
1257.24;34.53
1257.64;34.53
1258.26;34.53
1258.87;34.53
1259.49;34.54
1260.1;34.49
1260.72;34.53
1261.34;34.53
1261.95;34.54
1262.57;34.55
1263.19;34.53
1263.8;34.54
1264.41;34.54
1265.27;34.53
1265.64;34.54
1266.26;34.54
1266.87;34.54
1267.49;34.53
1268.11;34.54
1268.72;34.53
1269.34;34.55
1269.95;34.54
1270.57;34.54
1271.18;34.53
1271.8;34.5
1272.41;34.51
1273.29;34.54
1273.64;34.54
1274.26;34.54
1274.87;34.5
1275.49;34.49
1276.1;34.54
1276.72;34.53
1277.34;34.54
1277.95;34.54
1278.57;34.49
1279.19;34.54
1279.8;34.54
1280.42;34.55
1281.31;34.54
1281.65;34.55
1282.26;34.54
1282.88;34.54
1283.49;34.54
1284.11;34.49
1284.72;34.49
1285.34;34.54
1285.95;34.55
1286.57;34.54
1287.19;34.49
1287.8;34.49
1288.42;34.54
1289.3;34.54
1289.65;34.54
1290.26;34.5
1290.88;34.49
1291.49;34.54
1292.11;34.55
1292.73;34.54
1293.34;34.55
1293.96;34.55
1294.57;34.55
1295.19;34.54
1295.8;34.53
1296.42;34.54
1297.33;34.53
1297.66;34.54
1298.26;34.54
1298.88;34.54
1299.5;34.53
1300.11;34.49
1300.73;34.54
1301.34;34.54
1301.96;34.53
1302.57;34.49
1303.19;34.5
1303.8;34.54
1304.42;34.54
1305.34;34.54
1305.65;34.54
1306.27;34.51
1306.88;34.54
1307.5;34.54
1308.11;34.54
1308.73;34.54
1309.35;34.51
1309.96;34.54
1310.58;34.54
1311.19;34.55
1311.81;34.55
1312.42;34.55
1313.47;34.55
1313.66;34.54
1314.27;34.55
1314.89;34.54
1315.5;34.54
1316.12;34.55
1316.73;34.55
1317.35;34.55
1317.97;34.56
1318.58;34.55
1319.2;34.54
1319.81;34.54
1320.43;34.55
1321.41;34.55
1321.66;34.56
1322.27;34.55
1322.89;34.55
1323.5;34.54
1324.12;34.55
1324.73;34.56
1325.35;34.54
1325.97;34.54
1326.58;34.55
1327.2;34.55
1327.81;34.55
1328.43;34.54
1329.45;34.54
1329.66;34.55
1330.28;34.5
1330.89;34.51
1331.5;34.55
1332.12;34.55
1332.74;34.55
1333.36;34.55
1333.97;34.54
1334.58;34.55
1335.2;34.55
1335.82;34.54
1336.43;34.51
1337.46;34.49
1337.66;34.55
1338.28;34.56
1338.89;34.56
1339.51;34.55
1340.12;34.55
1340.74;34.55
1341.35;34.55
1341.97;34.55
1342.59;34.54
1343.2;34.55
1343.82;34.54
1344.43;34.54
1345.46;34.56
1345.66;34.5
1346.28;34.51
1346.89;34.56
1347.51;34.55
1348.12;34.54
1348.74;34.54
1349.36;34.56
1349.97;34.55
1350.59;34.55
1351.2;34.55
1351.82;34.55
1352.43;34.55
1353.48;34.55
1353.67;34.55
1354.28;34.54
1354.9;34.55
1355.51;34.51
1356.13;34.56
1356.74;34.56
1357.36;34.56
1357.98;34.56
1358.59;34.51
1359.21;34.55
1359.82;34.56
1360.43;34.55
1361.5;34.52
1361.67;34.5
1362.28;34.54
1362.9;34.55
1363.51;34.55
1364.13;34.56
1364.74;34.55
1365.36;34.55
1365.97;34.56
1366.59;34.55
1367.2;34.5
1367.82;34.51
1368.43;34.56
1369.51;34.55
1369.67;34.56
1370.28;34.56
1370.9;34.55
1371.51;34.55
1372.13;34.56
1372.74;34.55
1373.36;34.56
1373.98;34.55
1374.59;34.56
1375.21;34.55
1375.82;34.55
1376.44;34.55
1377.56;34.57
1377.67;34.56
1378.29;34.55
1378.9;34.56
1379.52;34.51
1380.13;34.55
1380.74;34.57
1381.36;34.56
1381.98;34.56
1382.59;34.51
1383.21;34.52
1383.82;34.56
1384.44;34.56
1385.52;34.55
1385.67;34.56
1386.28;34.56
1386.9;34.55
1387.51;34.55
1388.13;34.55
1388.74;34.57
1389.36;34.51
1389.98;34.56
1390.59;34.56
1391.21;34.56
1391.82;34.55
1392.44;34.51
1393.53;34.55
1393.67;34.57
1394.3;34.55
1394.9;34.55
1395.52;34.55
1396.13;34.56
1396.75;34.56
1397.36;34.56
1397.98;34.57
1398.59;34.51
1399.21;34.56
1399.83;34.56
1400.44;34.56
1401.57;34.56
1401.67;34.52
1402.29;34.55
1402.9;34.57
1403.52;34.57
1404.13;34.56
1404.75;34.52
1405.37;34.55
1405.98;34.56
1406.59;34.56
1407.21;34.56
1407.82;34.55
1408.44;34.57
1409.59;34.57
1409.68;34.56
1410.29;34.56
1410.9;34.56
1411.52;34.56
1412.14;34.56
1412.75;34.56
1413.37;34.54
1413.98;34.55
1414.6;34.56
1415.21;34.55
1415.83;34.56
1416.44;34.56
1417.6;34.55
1417.68;34.57
1418.29;34.56
1418.91;34.56
1419.52;34.56
1420.14;34.52
1420.75;34.56
1421.37;34.56
1421.98;34.56
1422.6;34.57
1423.22;34.56
1423.83;34.55
1424.45;34.56
1425.62;34.56
1425.68;34.56
1426.29;34.51
1426.91;34.57
1427.52;34.57
1428.14;34.56
1428.75;34.56
1429.37;34.51
1429.99;34.56
1430.6;34.56
1431.22;34.56
1431.83;34.57
1432.45;34.52
1433.64;34.56
1433.68;34.56
1434.29;34.57
1434.91;34.56
1435.53;34.57
1436.14;34.56
1436.76;34.57
1437.38;34.57
1437.99;34.56
1438.61;34.52
1439.22;34.57
1439.84;34.57
1440.46;34.57
1441.7;34.52
1441.68;34.52
1442.3;34.57
1442.91;34.56
1443.53;34.56
1444.14;34.57
1444.76;34.51
1445.38;34.56
1445.99;34.56
1446.61;34.57
1447.22;34.56
1447.84;34.56
1448.45;34.57
1449.68;34.56
1449.68;34.56
1450.3;34.53
1450.91;34.57
1451.53;34.56
1452.14;34.57
1452.76;34.56
1453.38;34.53
1453.99;34.56
1454.61;34.57
1455.22;34.55
1455.84;34.57
1456.45;34.57
1457.74;34.52
1457.68;34.57
1458.3;34.57
1458.91;34.57
1459.53;34.53
1460.15;34.57
1460.76;34.56
1461.38;34.57
1461.99;34.56
1462.61;34.56
1463.22;34.52
1463.84;34.57
1464.45;34.56
1465.71;34.56
1465.69;34.56
1466.31;34.52
1466.92;34.56
1467.53;34.56
1468.15;34.57
1468.76;34.53
1469.38;34.53
1469.99;34.56
1470.61;34.57
1471.23;34.57
1471.84;34.53
1472.46;34.53
1473.72;34.57
1473.69;34.57
1474.3;34.57
1474.92;34.57
1475.53;34.56
1476.15;34.57
1476.76;34.56
1477.38;34.57
1477.99;34.56
1478.61;34.53
1479.22;34.56
1479.84;34.56
1480.46;34.57
1481.72;34.57
1481.69;34.51
1482.3;34.56
1482.92;34.56
1483.53;34.57
1484.15;34.57
1484.77;34.57
1485.39;34.56
1485.99;34.57
1486.61;34.58
1487.22;34.57
1487.84;34.57
1488.45;34.57
1489.7;34.56
1489.69;34.57
1490.3;34.57
1490.93;34.56
1491.53;34.56
1492.15;34.57
1492.77;34.56
1493.38;34.54
1493.99;34.56
1494.61;34.57
1495.23;34.57
1495.85;34.57
1496.46;34.57
1497.78;34.56
1497.69;34.57
1498.31;34.57
1498.92;34.57
1499.54;34.57
1500.15;34.53
1500.77;34.57
1501.39;34.56
1502.25;34.56
1502.61;34.56
1503.23;34.57
1503.84;34.57
1504.46;34.56
1505.84;34.57
1505.69;34.57
1506.31;34.56
1506.92;34.57
1507.54;34.57
1508.15;34.57
1508.77;34.56
1509.38;34.57
1510;34.57
1510.61;34.57
1511.23;34.56
1511.84;34.57
1512.46;34.58
1513.77;34.58
1513.69;34.56
1514.31;34.57
1514.92;34.57
1515.54;34.56
1516.16;34.57
1516.77;34.56
1517.39;34.57
1518.13;34.56
1518.62;34.57
1519.24;34.57
1519.85;34.58
1520.46;34.57
1521.8;34.57
1521.69;34.57
1522.31;34.58
1522.94;34.56
1523.54;34.56
1524.16;34.57
1524.77;34.53
1525.39;34.56
1526.41;34.58
1526.62;34.56
1527.23;34.57
1527.85;34.57
1528.46;34.57
1529.8;34.57
1529.7;34.57
1530.31;34.57
1530.93;34.56
1531.54;34.53
1532.16;34.57
1532.77;34.57
1533.39;34.56
1534.58;34.57
1534.62;34.56
1535.24;34.56
1535.85;34.57
1536.47;34.57
1537.83;34.57
1537.7;34.56
1538.31;34.57
1538.93;34.57
1539.54;34.58
1540.16;34.56
1540.77;34.57
1541.39;34.57
1542.68;34.57
1542.62;34.57
1543.24;34.57
1543.85;34.57
1544.47;34.57
