Time;Temperature
1;34.325
3;34.32
4;34.33
5;34.305
6;34.32
7;34.32
8;34.325
9;34.34
11;34.33
12;34.32
13;34.33
14;34.33
15;34.28
16;34.335
17;34.32
19;34.33
20;34.33
21;34.33
22;34.33
23;34.33
24;34.325
25;34.33
27;34.33
28;34.33
29;34.33
30;34.335
31;34.33
32;34.33
33;34.335
35;34.34
36;34.33
37;34.34
38;34.335
39;34.34
40;34.34
41;34.335
43;34.29
44;34.33
45;34.315
46;34.335
47;34.34
48;34.335
49;34.345
51;34.33
52;34.34
53;34.335
54;34.34
55;34.33
56;34.345
57;34.34
59;34.34
60;34.34
61;34.34
62;34.35
63;34.34
64;34.32
65;34.35
67;34.35
68;34.31
69;34.345
70;34.35
71;34.34
72;34.35
73;34.345
75;34.35
76;34.36
77;34.31
78;34.35
79;34.35
80;34.35
81;34.35
83;34.35
84;34.36
85;34.345
86;34.35
87;34.36
88;34.355
89;34.33
91;34.35
92;34.31
93;34.355
94;34.35
95;34.35
96;34.365
97;34.36
99;34.36
100;34.36
101;34.355
102;34.365
103;34.36
104;34.335
105;34.36
107;34.36
108;34.37
109;34.37
110;34.36
111;34.37
112;34.36
113;34.365
115;34.36
116;34.37
117;34.37
118;34.36
119;34.37
120;34.335
121;34.365
123;34.33
124;34.37
125;34.365
126;34.32
127;34.37
128;34.37
129;34.375
131;34.37
132;34.37
133;34.37
134;34.37
135;34.36
136;34.35
137;34.365
139;34.33
140;34.36
141;34.375
142;34.37
143;34.38
144;34.345
145;34.33
147;34.375
148;34.38
149;34.375
150;34.375
151;34.32
152;34.375
153;34.38
155;34.37
156;34.37
157;34.375
158;34.37
159;34.38
160;34.355
161;34.38
163;34.37
164;34.38
165;34.385
166;34.365
167;34.38
168;34.385
169;34.375
171;34.38
172;34.37
173;34.38
174;34.375
175;34.35
176;34.36
177;34.375
179;34.38
180;34.38
181;34.36
182;34.36
183;34.39
184;34.385
185;34.39
187;34.38
188;34.38
189;34.38
190;34.385
191;34.38
192;34.39
193;34.39
195;34.38
196;34.4
197;34.365
198;34.39
199;34.39
200;34.365
201;34.385
203;34.39
204;34.39
205;34.39
206;34.385
208;34.39
209;34.36
211;34.39
212;34.39
213;34.39
214;34.395
216;34.39
217;34.395
219;34.4
220;34.39
221;34.395
222;34.4
223;34.4
224;34.395
225;34.4
227;34.4
228;34.39
229;34.395
230;34.4
232;34.39
233;34.37
235;34.39
236;34.4
237;34.375
238;34.4
239;34.4
240;34.39
241;34.4
243;34.4
244;34.36
245;34.395
246;34.4
247;34.35
248;34.4
249;34.38
251;34.4
252;34.4
253;34.41
254;34.405
255;34.41
256;34.4
257;34.405
259;34.4
260;34.4
261;34.405
262;34.36
263;34.39
264;34.41
265;34.39
267;34.41
268;34.41
269;34.38
270;34.4
271;34.41
272;34.405
273;34.4
275;34.39
276;34.41
277;34.4
278;34.405
279;34.41
280;34.385
281;34.41
283;34.41
284;34.41
285;34.405
286;34.395
287;34.41
288;34.41
289;34.41
291;34.41
292;34.4
293;34.39
294;34.41
295;34.41
296;34.405
297;34.41
299;34.41
300;34.4
301;34.405
302;34.415
303;34.41
304;34.405
305;34.41
307;34.41
308;34.42
309;34.41
310;34.415
311;34.41
312;34.425
313;34.405
314;34.41
315;34.405
316;34.41
317;34.415
318;34.415
319;34.41
320;34.405
321;34.405
322;34.41
323;34.41
324;34.4
325;34.42
326;34.415
327;34.41
328;34.415
329;34.42
330;34.41
331;34.42
332;34.42
333;34.395
334;34.42
335;34.42
336;34.41
337;34.42
338;34.41
339;34.415
340;34.41
341;34.415
342;34.42
343;34.41
344;34.41
345;34.415
346;34.42
347;34.42
348;34.42
349;34.415
350;34.415
351;34.42
352;34.415
353;34.41
354;34.415
355;34.42
356;34.41
357;34.415
358;34.425
359;34.42
360;34.415
361;34.415
362;34.42
363;34.42
364;34.37
365;34.41
366;34.42
367;34.42
368;34.415
369;34.42
370;34.425
371;34.425
372;34.41
373;34.425
374;34.42
375;34.43
376;34.395
377;34.42
378;34.42
379;34.405
380;34.42
381;34.43
382;34.42
383;34.43
384;34.42
385;34.42
386;34.43
387;34.425
388;34.43
389;34.4
390;34.425
391;34.42
392;34.41
393;34.42
394;34.42
395;34.43
396;34.43
397;34.425
398;34.42
399;34.41
400;34.415
401;34.42
402;34.43
403;34.43
404;34.42
405;34.405
406;34.43
407;34.43
408;34.43
409;34.44
410;34.42
411;34.43
412;34.43
413;34.425
414;34.425
415;34.42
416;34.405
417;34.42
418;34.43
419;34.43
420;34.39
421;34.435
422;34.43
424;34.43
425;34.43
426;34.38
427;34.43
428;34.43
429;34.425
430;34.43
432;34.38
433;34.43
434;34.425
435;34.41
436;34.43
437;34.44
438;34.41
439;34.44
440;34.435
441;34.43
442;34.415
443;34.435
444;34.39
445;34.435
446;34.435
448;34.43
449;34.43
450;34.41
451;34.435
452;34.43
453;34.44
454;34.43
456;34.43
457;34.44
458;34.435
459;34.435
460;34.43
461;34.44
462;34.44
464;34.44
465;34.44
466;34.44
467;34.44
468;34.44
469;34.43
470;34.435
472;34.4
473;34.44
474;34.435
475;34.42
476;34.44
477;34.44
478;34.42
480;34.44
481;34.45
482;34.435
483;34.445
484;34.44
485;34.445
486;34.445
488;34.44
489;34.44
490;34.43
491;34.44
492;34.45
493;34.435
494;34.425
496;34.44
497;34.44
498;34.445
499;34.44
500;34.44
501;34.44
502;34.435
504;34.44
505;34.45
506;34.415
507;34.415
508;34.43
509;34.425
510;34.415
512;34.45
513;34.44
514;34.445
515;34.445
516;34.4
517;34.445
518;34.445
520;34.44
521;34.45
522;34.44
523;34.435
524;34.45
525;34.445
526;34.445
528;34.44
529;34.45
530;34.445
531;34.445
532;34.45
533;34.445
534;34.4
536;34.45
537;34.45
538;34.45
539;34.455
540;34.46
541;34.455
542;34.455
544;34.41
545;34.44
546;34.43
547;34.435
548;34.46
549;34.455
550;34.465
552;34.45
553;34.45
554;34.46
555;34.43
556;34.42
557;34.455
558;34.455
560;34.45
561;34.46
562;34.43
563;34.45
564;34.46
565;34.435
566;34.46
568;34.46
569;34.45
570;34.455
571;34.45
572;34.45
573;34.455
574;34.415
576;34.46
577;34.46
578;34.445
579;34.455
580;34.46
581;34.435
582;34.46
584;34.45
585;34.46
586;34.46
587;34.465
588;34.46
589;34.465
590;34.44
592;34.46
593;34.46
594;34.465
595;34.44
596;34.46
597;34.455
598;34.455
600;34.47
601;34.46
602;34.46
603;34.455
604;34.47
605;34.455
606;34.46
608;34.47
609;34.46
610;34.455
611;34.445
612;34.47
613;34.455
614;34.42
616;34.46
617;34.45
618;34.455
619;34.46
620;34.47
621;34.455
622;34.475
624;34.46
625;34.46
626;34.46
627;34.43
628;34.47
629;34.455
630;34.455
632;34.45
633;34.42
634;34.47
635;34.455
636;34.47
637;34.46
638;34.46
640;34.46
641;34.47
642;34.465
643;34.475
645;34.46
646;34.46
648;34.47
649;34.47
650;34.46
651;34.465
653;34.47
654;34.445
656;34.46
657;34.47
658;34.46
659;34.47
660;34.48
661;34.445
662;34.46
664;34.46
665;34.46
666;34.475
667;34.445
668;34.47
669;34.47
670;34.465
672;34.47
673;34.46
674;34.465
675;34.455
676;34.43
677;34.465
678;34.465
680;34.47
681;34.47
682;34.475
683;34.465
684;34.46
685;34.47
686;34.45
688;34.45
689;34.42
690;34.465
691;34.44
692;34.42
693;34.465
694;34.47
696;34.47
697;34.47
698;34.42
699;34.47
700;34.48
701;34.465
702;34.465
704;34.43
705;34.46
706;34.47
707;34.46
708;34.47
709;34.47
710;34.45
712;34.47
713;34.47
714;34.465
715;34.465
716;34.47
717;34.445
718;34.47
720;34.47
721;34.47
722;34.475
723;34.475
724;34.47
725;34.46
726;34.48
728;34.48
729;34.48
730;34.465
731;34.48
732;34.42
733;34.475
734;34.46
736;34.48
737;34.47
738;34.43
739;34.48
740;34.49
741;34.45
742;34.48
744;34.47
745;34.46
746;34.48
747;34.43
748;34.48
749;34.48
750;34.45
752;34.48
753;34.48
754;34.48
755;34.47
756;34.47
757;34.46
758;34.485
760;34.48
761;34.48
762;34.46
763;34.46
764;34.48
765;34.485
766;34.485
768;34.48
769;34.47
770;34.475
771;34.485
772;34.49
773;34.49
774;34.485
776;34.48
777;34.49
778;34.485
779;34.485
780;34.49
781;34.435
782;34.49
784;34.48
785;34.48
786;34.485
787;34.43
788;34.48
789;34.48
790;34.46
792;34.48
793;34.48
794;34.48
795;34.49
796;34.48
797;34.47
798;34.485
800;34.48
801;34.48
802;34.49
803;34.465
804;34.49
805;34.49
806;34.49
807;34.49
808;34.47
809;34.49
810;34.49
811;34.48
812;34.48
813;34.485
814;34.49
815;34.49
816;34.49
817;34.5
818;34.485
819;34.48
820;34.5
821;34.44
822;34.49
823;34.48
824;34.485
825;34.49
826;34.505
827;34.49
828;34.49
829;34.5
830;34.465
831;34.49
832;34.495
833;34.48
834;34.465
835;34.495
836;34.49
837;34.495
838;34.485
839;34.49
840;34.455
841;34.48
842;34.505
843;34.48
844;34.5
845;34.5
846;34.465
847;34.51
848;34.49
849;34.49
850;34.49
851;34.495
852;34.49
853;34.51
854;34.49
855;34.49
856;34.47
857;34.49
858;34.5
859;34.49
860;34.51
861;34.49
862;34.5
863;34.51
864;34.47
865;34.51
866;34.5
867;34.475
868;34.45
869;34.505
870;34.5
871;34.52
872;34.5
873;34.5
874;34.455
875;34.5
876;34.49
877;34.485
878;34.505
879;34.51
880;34.47
881;34.51
882;34.5
883;34.51
884;34.5
885;34.5
886;34.505
887;34.51
888;34.5
889;34.51
890;34.51
891;34.5
892;34.51
893;34.51
894;34.51
895;34.505
896;34.51
897;34.51
898;34.505
899;34.515
900;34.49
901;34.485
902;34.46
903;34.515
904;34.48
905;34.51
906;34.51
907;34.51
908;34.51
909;34.505
910;34.51
911;34.5
912;34.505
913;34.51
914;34.48
915;34.515
916;34.51
917;34.485
918;34.51
919;34.515
920;34.495
921;34.51
922;34.51
923;34.51
924;34.51
925;34.515
926;34.51
927;34.52
928;34.515
929;34.51
930;34.485
931;34.51
933;34.52
934;34.51
935;34.515
936;34.485
937;34.51
938;34.515
939;34.51
940;34.52
941;34.52
942;34.51
943;34.505
944;34.515
945;34.52
946;34.51
947;34.515
949;34.52
950;34.51
951;34.515
952;34.515
953;34.52
954;34.51
955;34.505
957;34.52
958;34.51
959;34.52
960;34.51
961;34.51
962;34.51
963;34.505
965;34.52
966;34.52
967;34.515
968;34.515
969;34.52
970;34.51
971;34.52
973;34.52
974;34.51
975;34.52
976;34.495
977;34.52
978;34.52
979;34.49
981;34.52
982;34.52
983;34.52
984;34.52
985;34.51
986;34.52
987;34.515
989;34.51
990;34.52
991;34.52
992;34.49
993;34.52
994;34.515
995;34.49
997;34.52
998;34.52
999;34.51
1000;34.485
1001;34.46
1002;34.515
1003;34.5
1005;34.51
1006;34.51
1007;34.52
1008;34.52
1009;34.52
1010;34.485
1011;34.515
1013;34.52
1014;34.51
1015;34.515
1016;34.48
1017;34.52
1018;34.52
1019;34.515
1021;34.51
1022;34.51
1023;34.5
1024;34.515
1025;34.52
1026;34.51
1027;34.52
1029;34.52
1030;34.52
1031;34.515
1032;34.525
1033;34.52
1034;34.49
1035;34.51
1037;34.52
1038;34.52
1039;34.52
1040;34.49
1041;34.52
1042;34.525
1043;34.515
1045;34.52
1046;34.52
1047;34.465
1048;34.51
1049;34.53
1050;34.495
1051;34.52
1053;34.52
1054;34.53
1055;34.525
1056;34.495
1057;34.52
1058;34.52
1059;34.495
1061;34.52
1062;34.46
1063;34.5
1064;34.525
1065;34.52
1066;34.52
1067;34.52
1069;34.51
1070;34.53
1071;34.525
1072;34.525
1073;34.53
1074;34.53
1075;34.525
1077;34.53
1078;34.53
1079;34.535
1080;34.53
1081;34.54
1082;34.525
1083;34.52
1085;34.53
1086;34.52
1087;34.505
1088;34.525
1089;34.53
1090;34.525
1091;34.53
1093;34.53
1094;34.52
1095;34.52
1096;34.505
1097;34.53
1098;34.53
1099;34.535
1101;34.53
1102;34.48
1103;34.505
1104;34.53
1105;34.53
1106;34.51
1107;34.535
1109;34.49
1110;34.53
1111;34.53
1112;34.53
1113;34.53
1114;34.53
1115;34.535
1117;34.53
1118;34.48
1119;34.54
1120;34.51
1121;34.49
1122;34.54
1123;34.53
1125;34.54
1126;34.53
1127;34.525
1128;34.535
1129;34.53
1130;34.505
1131;34.535
1133;34.54
1134;34.54
1135;34.53
1136;34.535
1137;34.53
1138;34.535
1139;34.535
1141;34.53
1142;34.54
1143;34.54
1144;34.535
1146;34.54
1147;34.54
1149;34.53
1150;34.52
1151;34.54
1152;34.53
1154;34.53
1155;34.515
1157;34.53
1158;34.52
1159;34.535
1160;34.515
1162;34.53
1163;34.53
1165;34.53
1166;34.53
1167;34.535
1168;34.535
1170;34.54
1171;34.535
1173;34.49
1174;34.54
1175;34.535
1176;34.51
1177;34.53
1178;34.54
1179;34.51
1181;34.53
1182;34.54
1183;34.51
1184;34.535
1185;34.54
1186;34.54
1187;34.535
1189;34.53
1190;34.53
1191;34.53
1192;34.53
1193;34.54
1194;34.54
1195;34.535
1197;34.54
1198;34.53
1199;34.54
1200;34.545
1201;34.53
1202;34.54
1203;34.535
1205;34.53
1206;34.53
1207;34.54
1208;34.54
1209;34.53
1210;34.535
1211;34.54
1213;34.53
1214;34.54
1215;34.53
1216;34.515
1217;34.53
1218;34.53
1219;34.54
1221;34.53
1222;34.53
1223;34.505
1224;34.54
1225;34.49
1226;34.54
1227;34.535
1229;34.54
1230;34.53
1231;34.535
1232;34.51
1233;34.54
1234;34.53
1235;34.53
1237;34.54
1238;34.5
1239;34.54
1240;34.53
1241;34.53
1242;34.535
1243;34.54
1244;34.48
1245;34.53
1246;34.54
1247;34.535
1248;34.515
1249;34.52
1250;34.54
1251;34.51
1252;34.55
1253;34.54
1254;34.54
1255;34.535
1256;34.535
1257;34.53
1258;34.53
1259;34.535
1260;34.49
1261;34.53
1262;34.54
1263;34.54
1264;34.54
1265;34.53
1266;34.54
1267;34.535
1268;34.54
1269;34.54
1270;34.54
1271;34.535
1272;34.505
1273;34.54
1274;34.54
1275;34.495
1276;34.54
1277;34.535
1278;34.54
1279;34.515
1280;34.545
1281;34.54
1282;34.545
1283;34.54
1284;34.49
1285;34.515
1286;34.55
1287;34.515
1288;34.515
1289;34.54
1290;34.52
1291;34.515
1292;34.55
1293;34.545
1294;34.55
1295;34.545
1296;34.535
1297;34.53
1298;34.54
1299;34.535
1300;34.49
1301;34.54
1302;34.53
1303;34.495
1304;34.54
1305;34.54
1306;34.525
1307;34.54
1308;34.54
1309;34.525
1310;34.54
1311;34.545
1312;34.55
1313;34.55
1314;34.545
1315;34.54
1316;34.545
1317;34.55
1318;34.56
1319;34.545
1320;34.545
1321;34.55
1322;34.555
1323;34.55
1324;34.545
1325;34.55
1326;34.54
1327;34.55
1328;34.545
1329;34.54
1330;34.525
1331;34.51
1332;34.55
1333;34.55
1334;34.54
1335;34.55
1336;34.525
1337;34.49
1338;34.555
1339;34.56
1340;34.55
1341;34.55
1342;34.55
1343;34.545
1344;34.54
1345;34.56
1346;34.505
1347;34.56
1348;34.545
1349;34.55
1350;34.55
1351;34.55
1352;34.55
1353;34.55
1354;34.545
1355;34.55
1356;34.535
1357;34.56
1358;34.56
1359;34.53
1360;34.555
1362;34.52
1363;34.55
1364;34.555
1365;34.55
1366;34.56
1367;34.525
1368;34.535
1370;34.56
1371;34.55
1372;34.555
1373;34.555
1374;34.55
1375;34.555
1376;34.55
1378;34.56
1379;34.56
1380;34.53
1381;34.565
1382;34.56
1383;34.515
1384;34.56
1386;34.56
1387;34.55
1388;34.55
1389;34.54
1390;34.56
1391;34.56
1392;34.53
1394;34.55
1395;34.55
1396;34.555
1397;34.56
1398;34.57
1399;34.535
1400;34.56
1402;34.55
1403;34.57
1404;34.565
1405;34.535
1406;34.56
1407;34.56
1408;34.56
1410;34.56
1411;34.56
1412;34.56
1413;34.55
1414;34.55
1415;34.555
1416;34.56
1418;34.56
1419;34.56
1420;34.54
1421;34.56
1422;34.56
1423;34.565
1424;34.555
1426;34.56
1427;34.57
1428;34.565
1429;34.535
1430;34.56
1431;34.56
1432;34.545
1434;34.56
1435;34.56
1436;34.565
1437;34.57
1438;34.56
1439;34.545
1440;34.57
1442;34.52
1443;34.56
1444;34.565
1445;34.535
1446;34.56
1447;34.565
1448;34.565
1450;34.56
1451;34.57
1452;34.565
1453;34.545
1454;34.56
1455;34.56
1456;34.57
1458;34.57
1459;34.57
1460;34.55
1461;34.565
1462;34.56
1463;34.54
1464;34.565
1466;34.56
1467;34.56
1468;34.565
1469;34.53
1470;34.56
1471;34.57
1472;34.53
1474;34.57
1475;34.57
1476;34.565
1477;34.565
1478;34.56
1479;34.545
1480;34.565
1482;34.56
1483;34.56
1484;34.57
1485;34.565
1486;34.57
1487;34.575
1488;34.57
1490;34.57
1491;34.56
1492;34.565
1493;34.55
1494;34.56
1495;34.57
1496;34.57
1498;34.57
1499;34.57
1500;34.55
1501;34.565
1502;34.56
1503;34.565
1504;34.565
1506;34.57
1507;34.57
1508;34.57
1509;34.565
1510;34.57
1511;34.565
1512;34.575
1514;34.57
1515;34.57
1516;34.565
1517;34.565
1518;34.56
1519;34.57
1520;34.575
1522;34.57
1523;34.56
1524;34.565
1525;34.545
1526;34.58
1527;34.565
1528;34.57
1530;34.57
1531;34.56
1532;34.55
1533;34.565
1535;34.56
1536;34.57
1538;34.57
1539;34.57
1540;34.57
1541;34.57
1543;34.57
1544;34.57
