Time;Fluid_pressure
1;96402
3;96394
4;96399
5;96399.5
6;96398.5
7;96397
8;96394
9;96395.5
11;96397
12;96391
13;96399.5
14;96395.5
15;96397
16;96398
17;96397
19;96402
20;96391
21;96396.5
22;96399.5
23;96397
24;96392.5
25;96398
27;96399
28;96397
29;96399.5
30;96396.5
31;96402
32;96394
33;96394
35;96397
36;96399
37;96395.5
38;96395.5
39;96394
40;96394
41;96398
43;96397
44;96394
45;96396.5
46;96395
47;96399
48;96399.5
49;96398
51;96396
52;96402
53;96393.5
54;96399
55;96388
56;96395.5
57;96400.5
59;96405
60;96396
61;96402
62;96398
63;96402
64;96398
65;96395
67;96399
68;96394
69;96396.5
70;96396.5
71;96396
72;96397.5
73;96399
75;96397
76;96399
77;96396.5
78;96395
79;96396
80;96391
81;96396.5
83;96396
84;96399
85;96399
86;96398
87;96399
88;96396.5
89;96396
91;96394
92;96396
93;96393.5
94;96395
95;96396
96;96399
97;96399
99;96391
100;96388
101;96399
102;96397.5
103;96399
104;96396
105;96391
107;96399
108;96388
109;96400.5
110;96397.5
111;96396
112;96397.5
113;96397.5
115;96399
116;96405
117;96396.5
118;96389.5
119;96396
120;96393.5
121;96399
123;96394
124;96399
125;96396
126;96395
127;96394
128;96391
129;96395
131;96394
132;96394
133;96399
134;96393.5
135;96396
136;96395
137;96396.5
139;96394
140;96394
141;96396.5
142;96399
143;96394
144;96393.5
145;96394
147;96399
148;96388
149;96396
150;96391
151;96394
152;96397.5
153;96395
155;96394
156;96391
157;96389.5
158;96388
159;96396
160;96391
161;96392.5
163;96396
164;96399
165;96395
166;96397.5
167;96388
168;96395
169;96391
171;96396
172;96396
173;96397.5
174;96393.5
175;96396
176;96393.5
177;96397.5
179;96396
180;96391
181;96400
182;96396
183;96401
184;96393.5
185;96401
187;96399
188;96391
189;96397.5
190;96396
191;96394
192;96397.5
193;96400
195;96396
196;96399
197;96397.5
198;96395
199;96399
200;96398.5
201;96399
203;96404
204;96401
205;96398.5
206;96402.5
208;96396
209;96400
211;96396
212;96396
213;96397
214;96392
216;96396
217;96398.5
219;96393
220;96399
221;96396
222;96397
223;96399
224;96397.5
225;96397
227;96396
228;96399
229;96396
230;96398.5
232;96396
233;96397
235;96399
236;96399
237;96394.5
238;96396
239;96399
240;96396
241;96394.5
243;96399
244;96401
245;96399
246;96396
247;96404
248;96400
249;96396
251;96396
252;96399
253;96395
254;96400
255;96396
256;96395
257;96394.5
259;96399
260;96396
261;96394.5
262;96401.5
263;96396
264;96399
265;96398.5
267;96399
268;96399
269;96401.5
270;96397.5
271;96399
272;96396
273;96398.5
275;96399
276;96396
277;96401.5
278;96396
279;96399
280;96400
281;96396
283;96393
284;96391
285;96394.5
286;96396
287;96399
288;96396
289;96396
291;96399
292;96396
293;96397.5
294;96397.5
295;96396
296;96396
297;96397
299;96399
300;96396
301;96400
302;96394.5
303;96399
304;96398.5
305;96398.5
307;96399
308;96399
309;96396
310;96399
311;96399
312;96400
313;96397.5
314;96399
315;96396
316;96399
317;96396
318;96399
319;96401
320;96399
321;96399
322;96399
323;96397
324;96396
325;96394.5
326;96399
327;96396
328;96394.5
329;96398.5
330;96401
331;96400
332;96404
333;96400
334;96398.5
335;96401
336;96398.5
337;96398.5
338;96396
339;96394.5
340;96399
341;96399.5
342;96399
343;96396
344;96394.5
345;96398.5
346;96396
347;96397.5
348;96396
349;96394.5
350;96398.5
351;96393
352;96400
353;96396
354;96401
355;96400
356;96396
357;96398.5
358;96396
359;96398
360;96390.5
361;96395.5
362;96396
363;96394.5
364;96396
365;96394.5
366;96396
367;96390
368;96394.5
369;96396
370;96396
371;96391.5
372;96396
373;96396
374;96396
375;96393
376;96393
377;96396
378;96393
379;96396
380;96390
381;96397.5
382;96395.5
383;96401
384;96395.5
385;96399
386;96398.5
387;96391.5
388;96396
389;96398.5
390;96397
391;96401
392;96396
393;96398
394;96398.5
395;96394
396;96390
397;96397
398;96398
399;96396
400;96394.5
401;96390
402;96391.5
403;96389
404;96388
405;96396
406;96393
407;96393
408;96397
409;96396
410;96396
411;96394
412;96396
413;96397
414;96394.5
415;96396
416;96393
417;96390
418;96398.5
419;96396
420;96396
421;96394.5
422;96391.5
424;96393
425;96387
426;96399.5
427;96393
428;96390
429;96397
430;96394.5
432;96396
433;96393
434;96391.5
435;96393
436;96396
437;96394.5
438;96390
439;96393
440;96393
441;96398
442;96395.5
443;96392.5
444;96396
445;96395.5
446;96390
448;96393
449;96393
450;96391.5
451;96394.5
452;96387
453;96399.5
454;96393
456;96393
457;96396
458;96391.5
459;96397
460;96396
461;96395.5
462;96395.5
464;96396
465;96396
466;96397
467;96394.5
468;96393
469;96393
470;96393
472;96393
473;96393
474;96394
475;96392.5
476;96398
477;96398
478;96392.5
480;96396
481;96398
482;96395.5
483;96391.5
484;96390
485;96391.5
486;96395.5
488;96393
489;96387
490;96393
491;96398.5
492;96390
493;96394.5
494;96391
496;96390
497;96395
498;96395.5
499;96392.5
500;96395
501;96387
502;96393
504;96395
505;96395
506;96388.5
507;96393
508;96395
509;96395
510;96392.5
512;96390
513;96393
514;96392.5
515;96391.5
516;96390
517;96388.5
518;96393
520;96390
521;96393
522;96391.5
523;96390
524;96395
525;96387.5
526;96394
528;96395
529;96395
530;96392.5
531;96393
532;96390
533;96390
534;96392.5
536;96390
537;96393
538;96391
539;96390
540;96395
541;96392.5
542;96393
544;96390
545;96395
546;96391
547;96392.5
548;96387
549;96399.5
550;96388.5
552;96393
553;96393
554;96390
555;96391.5
556;96393
557;96389
558;96393
560;96390
561;96393
562;96395.5
563;96391
564;96393
565;96396.5
566;96387.5
568;96393
569;96387
570;96394
571;96390
572;96390
573;96388.5
574;96395.5
576;96390
577;96395
578;96391.5
579;96390
580;96393
581;96394
582;96391.5
584;96390
585;96390
586;96392.5
587;96391.5
588;96390
589;96391.5
590;96386
592;96393
593;96395
594;96394
595;96391.5
596;96393
597;96391.5
598;96391.5
600;96390
601;96393
602;96388.5
603;96387
604;96393
605;96388.5
606;96387.5
608;96390
609;96390
610;96386
611;96388.5
612;96387
613;96388.5
614;96390
616;96387
617;96392
618;96387
619;96393
620;96390
621;96382
622;96387.5
624;96390
625;96390
626;96390
627;96388.5
628;96393
629;96388.5
630;96387
632;96387
633;96398
634;96387
635;96384.5
636;96390
637;96391.5
638;96383
640;96387
641;96387
642;96387
643;96390
645;96390
646;96386
648;96387
649;96387
650;96387
651;96387.5
653;96390
654;96388.5
656;96390
657;96387
658;96391.5
659;96386
660;96390
661;96392.5
662;96385.5
664;96387
665;96390
666;96387.5
667;96385.5
668;96382
669;96387
670;96388.5
672;96385
673;96387
674;96388.5
675;96388.5
676;96382
677;96384.5
678;96388.5
680;96384
681;96387
682;96386
683;96387
684;96387
685;96388
686;96384.5
688;96382
689;96387
690;96383
691;96384.5
692;96384
693;96389.5
694;96382
696;96387
697;96390
698;96384
699;96383
700;96382
701;96381.5
702;96387
704;96390
705;96382
706;96384
707;96385.5
708;96384
709;96384.5
710;96384.5
712;96384
713;96379
714;96391
715;96383
716;96390
717;96381.5
718;96384.5
720;96387
721;96387
722;96383
723;96385.5
724;96384
725;96387
726;96384
728;96384
729;96384
730;96384.5
731;96383
732;96390
733;96383
734;96381.5
736;96387
737;96382
738;96381.5
739;96385.5
740;96384
741;96385.5
742;96384
744;96390
745;96387
746;96384
747;96392.5
748;96384
749;96387
750;96388.5
752;96384
753;96384
754;96385.5
755;96386
756;96381
757;96384
758;96383
760;96387
761;96384
762;96383
763;96385.5
764;96384
765;96384.5
766;96383
768;96384
769;96390
770;96388.5
771;96384
772;96382
773;96384.5
774;96385.5
776;96387
777;96387
778;96383
779;96382.5
780;96387
781;96387
782;96382.5
784;96387
785;96382
786;96384
787;96387
788;96390
789;96383
790;96387
792;96392
793;96379
794;96384
795;96385.5
796;96381
797;96385.5
798;96384
800;96381
801;96384
802;96387
803;96385.5
804;96384
805;96381.5
806;96381
807;96381
808;96387
809;96381
810;96384
811;96381
812;96384
813;96377.5
814;96384
815;96384
816;96382.5
817;96384
818;96382.5
819;96384
820;96376
821;96386.5
822;96380
823;96381
824;96382.5
825;96381
826;96381
827;96379
828;96376
829;96387
830;96381
831;96387
832;96383
833;96373
834;96385.5
835;96382.5
836;96381
837;96380
838;96381.5
839;96381
840;96381
841;96376
842;96384
843;96384
844;96384
845;96391
846;96380
847;96387
848;96382.5
849;96381
850;96379
851;96383
852;96381
853;96380
854;96388
855;96381
856;96384
857;96392
858;96380
859;96379
860;96389
861;96381.5
862;96381.5
863;96381
864;96384
865;96381
866;96386.5
867;96382.5
868;96387
869;96384
870;96390.5
871;96381
872;96382.5
873;96384
874;96381.5
875;96382.5
876;96379
877;96382.5
878;96385.5
879;96387
880;96384
881;96381
882;96383
883;96382.5
884;96381
885;96378.5
886;96384
887;96381
888;96382.5
889;96381
890;96392.5
891;96384
892;96387
893;96380
894;96381
895;96383
896;96387
897;96384
898;96379
899;96385
900;96381
901;96385.5
902;96387
903;96384
904;96384
905;96381
906;96380
907;96384
908;96387
909;96383
910;96379
911;96380
912;96385.5
913;96379
914;96384
915;96382.5
916;96381
917;96378.5
918;96379
919;96388
920;96381
921;96381
922;96385
923;96384
924;96387
925;96384
926;96392
927;96386.5
928;96388
929;96381
930;96381.5
931;96381.5
933;96381
934;96379
935;96385
936;96382.5
937;96384
938;96386
939;96380
940;96384
941;96382.5
942;96384
943;96382.5
944;96382.5
945;96387
946;96385.5
947;96380
949;96384
950;96387
951;96385.5
952;96384
953;96386
954;96382.5
955;96381.5
957;96381
958;96387
959;96378.5
960;96382.5
961;96389
962;96382.5
963;96387.5
965;96386
966;96386
967;96382.5
968;96380
969;96386
970;96384
971;96382.5
973;96381
974;96376
975;96381
976;96381
977;96378
978;96384
979;96384
981;96381
982;96384
983;96382.5
984;96382.5
985;96386
986;96386
987;96381
989;96381
990;96378
991;96379.5
992;96381
993;96384
994;96381
995;96382.5
997;96384
998;96381
999;96381
1000;96379.5
1001;96378
1002;96381
1003;96379.5
1005;96384
1006;96378
1007;96378
1008;96382.5
1009;96381
1010;96377
1011;96382.5
1013;96378
1014;96376
1015;96378.5
1016;96382.5
1017;96378
1018;96379.5
1019;96382
1021;96386
1022;96381
1023;96381
1024;96381
1025;96384
1026;96375.5
1027;96379.5
1029;96376
1030;96381
1031;96383.5
1032;96386
1033;96378
1034;96376.5
1035;96379.5
1037;96378
1038;96384
1039;96382.5
1040;96377
1041;96386
1042;96385
1043;96377
1045;96378
1046;96386
1047;96378.5
1048;96382.5
1049;96381
1050;96379.5
1051;96379.5
1053;96381
1054;96381
1055;96381
1056;96379.5
1057;96381
1058;96376.5
1059;96382
1061;96378
1062;96381
1063;96380
1064;96378.5
1065;96375
1066;96384
1067;96378
1069;96378
1070;96384
1071;96382.5
1072;96382.5
1073;96375
1074;96378
1075;96378
1077;96381
1078;96378
1079;96378.5
1080;96378
1081;96386
1082;96381
1083;96381
1085;96381
1086;96375
1087;96375.5
1088;96378
1089;96375
1090;96381
1091;96379.5
1093;96375
1094;96378
1095;96379.5
1096;96376.5
1097;96381
1098;96381
1099;96379.5
1101;96378
1102;96378
1103;96379.5
1104;96378
1105;96384
1106;96382.5
1107;96382
1109;96386
1110;96378
1111;96378
1112;96375
1113;96381
1114;96379.5
1115;96376.5
1117;96378
1118;96375
1119;96382.5
1120;96378
1121;96375
1122;96376.5
1123;96378
1125;96381
1126;96378
1127;96378
1128;96375.5
1129;96375
1130;96383.5
1131;96376.5
1133;96378
1134;96375
1135;96378
1136;96383.5
1137;96381
1138;96374
1139;96381
1141;96375
1142;96381
1143;96382.5
1144;96378
1146;96378
1147;96379.5
1149;96381
1150;96375
1151;96376.5
1152;96378
1154;96378
1155;96375
1157;96381
1158;96378
1159;96381
1160;96378
1162;96378
1163;96378
1165;96384
1166;96375
1167;96374
1168;96381
1170;96378
1171;96378
1173;96378
1174;96370
1175;96375.5
1176;96376.5
1177;96375
1178;96376.5
1179;96384
1181;96378
1182;96384
1183;96375
1184;96372.5
1185;96378
1186;96379.5
1187;96378
1189;96378
1190;96370
1191;96375
1192;96378
1193;96378
1194;96375.5
1195;96379.5
1197;96375
1198;96384
1199;96382.5
1200;96378
1201;96373
1202;96381
1203;96376.5
1205;96378
1206;96373
1207;96379.5
1208;96378
1209;96375
1210;96381
1211;96381
1213;96375
1214;96378
1215;96375
1216;96374
1217;96381
1218;96374
1219;96376.5
1221;96378
1222;96378
1223;96378
1224;96374
1225;96375
1226;96376.5
1227;96378
1229;96375
1230;96378
1231;96378
1232;96374
1233;96373
1234;96377
1235;96378
1237;96375
1238;96378
1239;96375
1240;96375
1241;96378
1242;96375
1243;96375.5
1244;96378
1245;96372.5
1246;96375
1247;96376.5
1248;96381
1249;96378
1250;96375.5
1251;96382.5
1252;96370
1253;96375.5
1254;96375
1255;96372.5
1256;96379.5
1257;96373
1258;96378.5
1259;96377
1260;96378
1261;96374
1262;96373
1263;96376.5
1264;96381
1265;96373
1266;96375.5
1267;96375.5
1268;96373
1269;96377
1270;96378
1271;96377
1272;96375.5
1273;96373
1274;96381
1275;96374
1276;96378
1277;96378.5
1278;96375
1279;96378
1280;96379.5
1281;96375
1282;96375
1283;96376.5
1284;96375
1285;96379.5
1286;96381
1287;96378
1288;96379.5
1289;96375
1290;96381
1291;96376.5
1292;96378
1293;96371
1294;96378
1295;96376.5
1296;96378
1297;96375
1298;96371.5
1299;96375.5
1300;96378
1301;96378
1302;96381
1303;96378
1304;96376.5
1305;96378
1306;96375
1307;96375
1308;96378
1309;96379.5
1310;96378
1311;96376.5
1312;96378
1313;96375
1314;96372.5
1315;96378
1316;96375.5
1317;96374
1318;96384
1319;96382.5
1320;96375.5
1321;96381
1322;96376.5
1323;96375
1324;96374
1325;96376.5
1326;96373
1327;96376.5
1328;96381
1329;96378
1330;96378
1331;96375
1332;96376.5
1333;96375.5
1334;96373
1335;96376.5
1336;96378
1337;96373
1338;96376.5
1339;96375
1340;96378
1341;96378
1342;96375
1343;96375.5
1344;96374
1345;96373
1346;96375
1347;96378
1348;96371.5
1349;96378
1350;96373
1351;96378
1352;96376.5
1353;96378
1354;96374
1355;96378
1356;96375
1357;96376.5
1358;96375
1359;96372.5
1360;96376.5
1362;96375
1363;96375
1364;96376.5
1365;96375
1366;96373
1367;96374
1368;96376.5
1370;96375
1371;96375
1372;96378.5
1373;96378
1374;96381
1375;96379.5
1376;96372.5
1378;96378
1379;96384
1380;96379.5
1381;96375.5
1382;96373
1383;96373
1384;96376.5
1386;96373
1387;96373
1388;96377
1389;96381
1390;96378
1391;96374
1392;96381
1394;96373
1395;96375
1396;96374
1397;96378
1398;96373
1399;96374
1400;96376.5
1402;96375
1403;96373
1404;96375
1405;96375.5
1406;96375
1407;96374
1408;96378
1410;96378
1411;96373
1412;96375.5
1413;96373
1414;96373
1415;96376.5
1416;96379.5
1418;96373
1419;96381
1420;96370
1421;96370
1422;96375
1423;96378
1424;96374
1426;96375
1427;96378
1428;96378
1429;96374
1430;96378
1431;96378
1432;96376.5
1434;96373
1435;96375
1436;96376.5
1437;96378.5
1438;96378
1439;96381
1440;96379.5
1442;96375
1443;96373
1444;96376.5
1445;96376.5
1446;96373
1447;96371.5
1448;96375.5
1450;96375
1451;96384
1452;96374
1453;96373
1454;96373
1455;96374
1456;96375.5
1458;96381
1459;96375
1460;96374
1461;96381
1462;96375
1463;96371
1464;96373
1466;96373
1467;96373
1468;96372.5
1469;96371.5
1470;96381
1471;96378
1472;96370
1474;96375
1475;96378
1476;96373
1477;96371.5
1478;96373
1479;96375.5
1480;96375.5
1482;96373
1483;96373
1484;96370
1485;96376.5
1486;96378
1487;96375.5
1488;96370
1490;96373
1491;96378
1492;96374
1493;96374
1494;96373
1495;96374
1496;96376.5
1498;96373
1499;96373
1500;96377
1501;96374
1502;96375
1503;96378
1504;96375.5
1506;96373
1507;96381
1508;96376.5
1509;96378
1510;96375
1511;96372.5
1512;96374
1514;96373
1515;96378
1516;96375.5
1517;96376.5
1518;96367
1519;96376.5
1520;96373
1522;96373
1523;96378
1524;96374
1525;96372.5
1526;96378
1527;96379.5
1528;96371
1530;96373
1531;96378
1532;96378
1533;96375.5
1535;96373
1536;96372.5
1538;96373
1539;96367
1540;96370
1541;96381
1543;96373
1544;96375.5
