Time;RSSI;Internal_humidity_percent;External_humidity_percent;External_temperature;External_temperature_C;UV_light;IR_light;Visual_light_Lux;Deep_UV_light;Radioactivity_CPM;Health_effect
0.675615;255;33.68;30.156;30115;42.9485;0.291557;432;458;0;65535;42085
10.5234;255;33.66;30.156;30116;43.0485;0.45626;430;456;0;65535;42085
20.9928;255;33.69;30.155;30117;43.1385;0.484549;433;457;0;65535;42085
30.8351;255;33.7;30.156;30116;43.1385;0.513078;432;456;0;65535;42085
40.6942;255;33.69;30.156;30117;43.1085;0.513078;431;457;0;65535;42085
51.1466;255;33.69;30.157;30118;43.1785;0;428;454;12;65535;42085
60.9911;255;33.68;30.157;30118;43.1785;0.148161;428;453;15;65535;42085
70.8371;255;33.69;30.157;30118;42.9085;0.0362312;429;452;0;65535;42085
81.3103;255;33.67;30.157;30118;42.8785;0.110312;431;458;0;65535;42085
91.1491;255;33.67;30.157;30119;42.9085;0;428;453;1;65535;42085
100.998;255;33.64;30.157;30119;42.9085;0.225478;429;456;0;65535;42085
111.46;255;33.62;30.159;30119;42.8785;0.212442;428;454;0;65535;42085
121.309;255;33.62;30.158;30119;42.8385;0.291557;428;456;3;65535;42085
131.156;255;33.61;30.16;30120;42.8085;0.734689;427;456;0;65535;42085
141.62;255;33.59;30.16;30120;42.8085;0.37283;429;456;4;65535;42085
151.465;255;33.59;30.158;30120;42.7685;0;428;454;0;65535;42085
161.316;255;33.58;30.159;30121;42.8085;0.318408;427;455;0;65535;42085
171.777;255;33.56;30.159;30121;42.7685;0.527433;429;454;10;65535;42085
181.631;255;33.53;30.16;30121;42.7385;0.513078;428;453;0;65535;42085
191.477;255;33.52;30.16;30121;42.7685;0;427;455;0;65535;42085
201.941;255;33.51;30.161;30121;42.7385;0.18655;429;454;0;65535;42085
211.788;255;33.51;30.162;30121;42.7385;0.122868;428;451;0;65535;42085
222.252;255;33.48;30.162;30122;42.7385;0.122868;426;452;0;65535;42085
232.996;255;33.46;30.161;30122;42.7085;0.318408;428;452;0;65535;42085
241.947;255;33.49;30.162;30123;42.7385;0.318408;427;454;26;65535;42085
252.408;255;33.47;30.162;30123;42.7385;0.0120171;427;452;0;65535;42085
262.257;255;33.46;30.163;30123;42.7085;0.291557;427;454;0;65535;42085
272.994;255;33.45;30.163;30124;42.6685;0.331924;427;450;0;65535;42085
282.568;255;33.45;30.163;30124;42.5985;0.122868;428;452;0;65535;42085
292.414;255;33.45;30.164;30124;42.5985;0.0120171;429;452;0;65535;42085
302.263;255;33.42;30.164;30124;42.5685;0.110312;428;450;0;65535;42085
312.725;255;33.42;30.164;30124;42.5685;0.0120171;427;458;0;65535;42085
322.576;255;33.41;30.164;30125;42.5985;0.513078;428;453;0;65535;42085
332.426;255;33.4;30.165;30125;42.6685;0;427;452;0;65535;42085
342.887;255;33.4;30.164;30125;42.6385;0;427;450;0;65535;42085
352.736;255;33.4;30.165;30125;42.5985;0;426;451;0;65535;42085
362.586;255;33.39;30.166;30126;42.5685;0.225478;427;455;0;65535;42085
373.484;255;33.38;30.165;30126;42.5285;0.0853786;427;455;0;65535;42085
382.896;255;33.39;30.166;30126;42.5685;0;428;456;0;65535;42085
392.746;255;33.34;30.166;30126;42.5685;0.212442;426;453;0;65535;42085
403.207;255;33.36;30.167;30126;42.4985;0.614818;428;453;0;65535;42085
413.567;255;33.31;30.167;30127;42.5285;0.25173;430;456;0;65535;42085
423.521;255;33.33;30.167;30127;42.4985;0.110312;426;454;0;65535;42085
433.368;255;33.32;30.167;30127;42.5285;0.0120171;429;453;0;65535;42085
443.219;255;33.33;30.167;30127;42.4385;0;430;456;0;65535;42085
453.677;255;33.3;30.167;30127;42.4385;0;430;454;14;65535;42085
463.526;255;33.33;30.167;30128;42.4685;0.4004;427;452;0;65535;42085
473.372;255;33.32;30.168;30128;42.4985;0.212442;428;452;0;65535;42085
483.837;255;33.32;30.167;30128;42.5285;0.0362312;428;453;0;65535;42085
493.684;255;33.31;30.169;30128;42.4985;0.0730019;426;454;0;65535;42085
503.532;255;33.29;30.168;30130;42.4985;0.148161;427;452;0;65535;42085
513.996;255;33.27;30.169;30130;42.3985;0;428;454;3;65535;42085
523.844;255;33.28;30.169;30130;42.3685;0.4004;428;452;0;65535;42085
533.689;255;33.25;30.17;30130;42.3385;0.291557;428;452;3;65535;42085
544.152;255;33.25;30.17;30130;42.3385;0.37283;429;453;0;65535;42085
553.999;255;33.24;30.169;30131;42.3385;0.264946;428;454;0;65535;42085
563.846;255;33.22;30.17;30131;42.3385;0.264946;429;453;0;65535;42085
574.311;255;33.21;30.169;30131;42.3385;0.442205;430;459;0;65535;42085
584.159;255;33.2;30.17;30131;42.3685;0;430;453;0;65535;42085
594.641;255;33.2;30.17;30132;42.3385;0;429;455;0;65535;42085
604.471;255;33.18;30.171;30131;42.3685;0;427;454;0;65535;42085
614.317;255;33.18;30.171;30132;42.3685;0.25173;429;455;0;65535;42085
624.779;255;33.18;30.171;30132;42.3085;0.37283;429;454;0;65535;42085
634.633;255;33.17;30.171;30132;42.3085;0.0120171;428;455;0;65535;42085
644.48;255;33.15;30.172;30132;42.3085;0;430;455;28;65535;42085
654.949;255;33.16;30.172;30132;42.2685;0.291557;428;455;0;65535;42085
664.791;255;33.16;30.171;30133;42.2685;0.0484282;430;456;0;65535;42085
674.636;255;33.14;30.172;30133;42.2385;0.264946;430;451;0;65535;42085
685.1;255;33.12;30.173;30133;42.2385;0.331924;431;452;7;65535;42085
694.946;255;33.15;30.172;30133;42.2385;0.811555;432;455;0;65535;42085
704.792;255;33.13;30.173;30133;42.2385;0.0120171;431;456;6;65535;42085
715.254;255;33.13;30.173;30133;42.2085;0.122868;431;453;0;65535;42085
725.1;255;33.11;30.174;30134;42.2085;0.318408;431;455;0;65535;42085
734.952;255;33.1;30.173;30134;42.2085;0;432;453;0;65535;42085
745.411;255;33.11;30.174;30134;42.2585;0.291557;430;453;0;65535;42085
755.263;255;33.13;30.173;30134;42.2585;0.264946;431;454;6;65535;42085
765.105;255;33.12;30.173;30135;42.2085;0.173694;432;459;0;65535;42085
775.57;255;33.09;30.173;30135;42.2585;0.212442;431;455;0;65535;42085
785.416;255;33.12;30.174;30135;42.1585;0.331924;431;452;0;65535;42085
795.885;255;33.09;30.174;30135;42.1285;0.225478;431;456;0;65535;42085
805.732;255;33.09;30.175;30135;42.1285;0.110312;431;454;0;65535;42085
815.583;255;33.07;30.175;30135;42.1285;0.225478;434;454;0;65535;42085
826.429;255;33.07;30.175;30136;42.1585;0.18655;432;454;0;65535;42085
835.892;255;33.06;30.176;30136;42.0885;0.212442;431;453;0;65535;42085
845.734;255;32.74;30.176;30136;42.0885;0.18655;432;453;0;65535;42085
856.2;255;33.06;30.176;30137;42.1285;0.25173;433;457;0;65535;42085
866.438;255;33.05;30.176;30137;42.0885;0.212442;434;454;1;65535;42085
875.893;255;33.06;30.176;30137;42.0885;0.122868;432;456;0;65535;42085
886.366;255;33.03;30.177;30137;42.0585;0.318408;432;454;1;65535;42085
896.209;255;33.05;30.177;30137;42.0185;0.0853786;431;454;0;65535;42085
906.566;255;33.03;30.176;30138;41.9885;0.122868;430;453;0;65535;42085
916.515;255;33.03;30.178;30138;41.9485;0;430;452;0;65535;42085
926.37;255;32.98;30.178;30138;41.9885;0.148161;432;452;0;65535;42085
936.211;255;32.97;30.178;30138;41.9885;0.0120171;433;455;0;65535;42085
946.675;255;32.96;30.178;30138;41.9185;0.264946;434;452;18;65535;42085
956.524;255;32.91;30.178;30139;41.9185;0;433;456;0;65535;42085
966.371;255;32.96;30.179;30139;41.9485;0.414275;432;452;0;65535;42085
976.834;255;32.94;30.179;30139;41.9485;0.110312;433;451;0;65535;42085
986.681;255;32.95;30.18;30139;41.9485;0.674274;433;451;0;65535;42085
997.143;255;32.95;30.179;30139;41.8885;0.173694;433;456;0;65535;42085
1006.99;255;32.94;30.179;30140;41.8885;0.148161;434;454;0;65535;42085
1016.84;255;32.94;30.18;30140;41.8885;0.570856;433;454;0;65535;42085
1027.3;255;32.95;30.18;30140;41.8885;0.291557;433;454;15;65535;42085
1037.15;255;32.91;30.18;30140;41.8585;0.414275;432;450;0;65535;42085
1047;255;32.94;30.18;30140;41.8885;0.442205;433;452;0;65535;42085
1057.46;255;32.91;30.18;30140;41.9185;0.291557;434;451;0;65535;42085
1067.31;255;32.91;30.18;30140;41.8285;0.212442;433;456;0;65535;42085
1077.16;255;32.9;30.18;30140;41.8285;0.600104;432;454;0;65535;42085
1087.62;255;32.87;30.18;30141;41.7585;0.122868;434;455;0;65535;42085
1097.47;255;32.87;30.181;30141;41.7885;0;433;452;0;65535;42085
1107.32;255;32.87;30.181;30141;41.7885;0;433;451;0;65535;42085
1117.78;255;32.86;30.181;30141;41.7885;0.122868;434;454;0;65535;42085
1127.63;255;32.85;30.181;30141;41.7585;0;434;454;0;65535;42085
1137.48;255;32.84;30.182;30141;41.7285;0.173694;433;453;10;65535;42085
1147.94;255;32.85;30.182;30141;41.7285;0.719495;433;454;0;65535;42085
1157.79;255;32.82;30.182;30141;41.7285;0.264946;433;455;0;65535;42085
1168.25;255;32.84;30.182;30141;41.7285;0;432;455;0;65535;42085
1178.98;255;32.81;30.181;30142;41.7585;0.110312;433;455;0;65535;42085
1187.94;255;32.79;30.182;30142;41.7585;0.122868;433;453;21;65535;42085
1198.41;255;32.81;30.183;30142;41.7885;0.148161;433;454;0;65535;42085
1208.27;255;32.79;30.181;30142;41.7585;0.331924;433;454;0;65535;42085
1218.11;255;32.79;30.182;30142;41.7885;0.318408;435;454;0;65535;42085
1228.57;255;32.8;30.182;30142;41.7585;0.173694;433;455;0;65535;42085
1238.42;255;32.8;30.182;30142;41.7285;0.225478;435;454;0;65535;42085
1248.27;255;32.79;30.182;30142;41.7585;0.45626;436;454;0;65535;42085
1258.73;255;32.8;30.182;30142;41.7585;0.513078;432;451;0;65535;42085
1268.58;255;32.79;30.182;30142;41.7285;0.513078;435;454;0;65535;42085
1278.42;255;32.81;30.182;30142;41.6885;0.264946;434;454;0;65535;42085
1288.9;255;32.77;30.182;30142;41.6885;0.37283;434;452;0;65535;42085
1298.74;255;32.76;30.182;30142;41.6185;0.173694;436;456;0;65535;42085
1308.59;255;32.73;30.182;30142;41.6585;0;434;455;0;65535;42085
1319.55;255;32.75;30.182;30142;41.6585;0.484549;435;452;0;65535;42085
1328.9;255;32.75;30.182;30142;41.6585;0.45626;434;453;0;65535;42085
1339.36;255;32.72;30.182;30142;41.6185;0.25173;433;454;0;65535;42085
1349.22;255;32.72;30.182;30142;41.6185;0;435;456;0;65535;42085
1359.62;255;32.75;30.181;30144;41.6185;0.212442;434;453;0;65535;42085
1369.53;255;32.71;30.182;30142;41.5585;0.110312;435;455;26;65535;42085
1379.37;255;32.7;30.182;30142;41.5585;0.359134;434;451;0;65535;42085
1389.22;255;32.69;30.182;30142;41.5185;0;435;453;0;65535;42085
1399.69;255;32.68;30.182;30142;41.4885;0.225478;434;451;0;65535;42085
1409.53;255;32.69;30.182;30142;41.4885;0.513078;435;454;0;65535;42085
1419.38;255;32.66;30.181;30142;41.5185;0.110312;434;454;0;65535;42085
1429.85;255;32.66;30.182;30142;41.5185;0.122868;435;454;0;65535;42085
1439.69;255;32.64;30.182;30142;41.5585;0.264946;433;452;4;65535;42085
1449.54;255;32.63;30.182;30142;41.5185;0;434;455;0;65535;42085
1460.24;255;32.66;30.182;30144;41.5585;0.4004;434;453;0;65535;42085
1469.85;255;32.62;30.183;30142;41.5585;0.0853786;433;455;0;65535;42085
1479.69;255;32.6;30.183;30142;41.5885;0.225478;435;457;0;65535;42085
1490.16;255;32.61;30.183;30142;41.5185;0.359134;436;455;0;65535;42085
1500.7;255;32.64;30.182;30142;41.5185;0.212442;437;451;0;65535;42085
1509.86;255;32.59;30.182;30142;41.5885;0.25173;436;453;1;65535;42085
1520.32;255;32.62;30.182;30144;41.5585;0.442205;436;452;0;65535;42085
1530.17;255;32.58;30.183;30144;41.5585;0;436;450;0;65535;42085
