Time;Current_in_Ampere;Current_out_Ampere;Solar_voltage_Volt;Est_solar_power_Watt
1;8.12305e-41;-0.1674;4.62428e-44;3.4254e-43
31;8.12529e-41;-0.1688;4.62428e-44;3.4254e-43
61;8.12529e-41;-0.1689;4.62428e-44;3.4254e-43
91;8.12669e-41;-0.1694;4.62428e-44;3.4254e-43
121;8.12711e-41;-0.1811;4.62428e-44;3.4254e-43
151;8.12781e-41;-0.1711;4.62428e-44;3.4254e-43
232;8.12851e-41;-0.1693;4.62428e-44;3.4254e-43
262;8.12907e-41;-0.1751;4.62428e-44;3.40983e-43
325;8.12977e-41;-0.3226;4.62428e-44;3.30084e-43
391;8.13131e-41;-0.1704;4.62428e-44;3.40983e-43
421;8.1323e-41;-0.3017;4.62428e-44;3.31641e-43
451;8.13159e-41;-0.4476;4.62428e-44;3.20742e-43
481;7.46738e-41;-0.353;4.62428e-44;3.00501e-43
511;7.46472e-41;-0.315;4.62428e-44;3.02058e-43
541;7.45813e-41;-0.1689;4.62428e-44;3.114e-43
571;7.45617e-41;-0.1809;4.62428e-44;3.114e-43
601;7.40096e-41;-0.1878;4.62428e-44;3.08286e-43
