Time;Fluid_pressure
0.479719;73073
0.971973;73071
1.46504;73065
1.9583;73070
2.45405;73073
2.94516;73070
3.44045;73065
3.93198;73067
4.42553;73065
4.91927;73070
5.41249;73070
5.90582;73071
6.39933;73073
6.89337;73075
7.87978;73075
8.37414;73065
8.86665;73076
9.36005;73068
9.85372;73068
10.3473;73071
10.842;73068
11.336;73063
11.8276;73073
12.3212;73073
12.8169;73073
13.3114;73073
13.8025;73073
14.2984;73073
14.7882;73073
15.2817;73073
15.7784;73068
16.2692;73078
16.7621;73068
17.2568;73069
17.7491;73073
18.2426;73073
18.7376;73071
19.2293;73078
19.7228;73073
20.2179;73071
20.71;73069
21.2036;73071
21.6978;73071
22.1902;73077
22.6838;73077
23.1783;73071
23.6719;73068
43.4385;73106
43.6607;73079
44.2786;73071
44.8942;73072
45.5112;73077
46.1279;73071
46.7448;73076
47.3634;73078
47.9791;73090
48.5976;73100
49.2122;73120
49.8301;73108
50.4459;73112
51.6452;73119
51.6796;73125
52.2984;73125
52.9135;73124
53.531;73115
54.147;73103
54.7639;73114
55.3811;73120
55.9974;73125
56.6143;73126
57.231;73128
57.8498;73126
58.4648;73126
59.819;73129
59.6984;73125
60.3236;73128
60.9642;73121
61.55;73114
62.1671;73116
62.7838;73119
63.4014;73130
64.1756;73124
64.635;73111
65.2512;73103
65.8691;73099
66.485;73083
67.1018;73068
67.7188;73061
68.3356;73059
68.9527;73063
69.5695;73064
70.1862;73077
70.8045;73082
71.4207;73093
72.4221;73105
72.6537;73109
91.2786;73053
91.8935;73064
92.5107;73061
93.1273;73063
93.7448;73070
94.3614;73060
94.9778;73073
95.5984;73069
96.212;73065
96.8329;73064
97.445;73066
98.632;73077
98.6787;73079
99.2966;73084
99.9124;73105
100.529;73130
101.146;73138
101.763;73131
102.379;73134
103.374;73131
103.613;73140
104.23;73143
104.847;73126
105.465;73087
106.804;73080
106.698;73077
107.314;73084
107.934;73134
108.549;73134
109.167;73122
109.783;73102
110.399;73080
111.185;73068
111.635;73055
112.25;73058
112.866;73048
113.484;73052
114.1;73048
114.721;73046
115.334;73041
115.951;73064
116.568;73078
117.185;73082
117.802;73086
118.419;73097
119.365;73111
119.652;73109
120.269;73095
120.885;73088
121.503;73099
122.119;73096
122.737;73098
123.353;73108
123.969;73137
124.587;73134
125.203;73141
125.822;73107
126.439;73080
127.538;73063
127.67;73066
128.287;73069
128.907;73075
129.522;73058
130.138;73048
130.754;73050
131.372;73041
131.988;73044
132.605;73040
133.223;73047
133.839;73048
134.456;73049
135.724;73047
135.689;73050
136.306;73047
136.923;73053
137.541;73056
138.158;73054
138.774;73058
139.392;73066
140.142;73064
140.625;73065
141.242;73067
141.861;73064
142.478;73071
143.921;73070
143.709;73062
144.326;73071
144.942;73075
145.56;73082
146.181;73085
146.793;73083
147.41;73096
148.283;73094
148.644;73111
149.265;73116
149.878;73080
150.501;73083
151.112;73089
151.729;73124
152.346;73142
152.962;73151
153.58;73145
154.199;73142
154.813;73147
155.43;73141
156.466;73147
156.664;73135
157.28;73131
157.897;73134
158.514;73130
159.132;73133
159.749;73134
160.366;73126
160.981;73128
161.599;73133
162.215;73130
162.832;73129
163.45;73126
164.659;73131
164.684;73128
165.3;73128
165.916;73121
166.533;73130
167.151;73130
167.771;73127
168.388;73123
169.159;73122
169.621;73134
170.238;73129
170.852;73124
171.469;73129
172.861;73127
172.703;73129
173.32;73128
173.939;73129
174.553;73121
175.17;73133
175.787;73129
176.404;73131
177.327;73124
177.638;73128
178.255;73126
178.871;73126
179.489;73133
180.105;73135
180.722;73133
181.34;73133
181.955;73133
182.578;73130
183.189;73128
183.806;73130
184.423;73131
185.4;73132
185.656;73126
186.273;73130
186.891;73129
187.507;73129
188.124;73133
188.742;73138
189.359;73137
189.977;73130
190.597;73113
191.21;73108
191.827;73119
192.444;73117
193.601;73132
193.68;73140
194.294;73131
194.911;73122
195.528;73117
196.145;73103
196.762;73104
197.379;73097
197.996;73096
198.612;73096
199.23;73087
199.848;73082
200.463;73076
201.796;73068
201.698;73069
202.313;73071
202.93;73068
203.548;73064
204.164;73069
204.781;73072
205.399;73072
206.191;73076
206.632;73100
207.248;73105
207.865;73118
208.482;73136
209.996;73129
209.72;73130
210.333;73118
210.949;73128
211.566;73136
212.186;73128
212.8;73124
213.419;73128
214.341;73129
214.65;73125
215.268;73125
215.885;73123
216.501;73125
217.119;73125
217.735;73128
218.352;73123
218.968;73126
219.586;73121
220.204;73121
220.827;73125
221.439;73129
222.537;73129
222.671;73125
223.292;73125
223.906;73123
224.521;73126
225.139;73126
225.756;73119
226.373;73119
226.99;73121
227.607;73128
228.224;73128
228.84;73118
229.461;73123
230.764;73128
230.691;73128
231.308;73126
231.924;73129
232.543;73127
233.158;73120
233.775;73122
234.392;73122
235.99;73124
235.626;73118
236.243;73112
236.861;73100
237.477;73107
238.95;73099
238.71;73105
239.327;73125
239.945;73128
240.561;73127
241.179;73123
241.794;73137
242.412;73133
243.283;73125
243.645;73115
244.262;73110
244.88;73107
245.502;73100
246.112;73106
246.73;73109
247.346;73123
247.963;73135
248.58;73114
249.199;73102
249.815;73068
250.431;73058
251.487;73042
251.676;73037
252.283;73035
252.899;73031
253.518;73028
254.134;73040
254.751;73034
255.367;73037
255.984;73034
256.601;73037
257.221;73029
257.835;73032
258.452;73029
259.693;73037
259.685;73034
260.303;73034
260.919;73035
261.536;73035
262.152;73041
262.77;73035
263.387;73029
264.398;73037
264.621;73039
265.237;73044
265.854;73041
266.472;73040
267.874;73048
267.704;73037
268.321;73045
268.94;73046
269.555;73044
270.173;73053
270.793;73044
271.405;73041
272.224;73046
272.639;73041
273.26;73045
273.873;73046
274.492;73041
275.107;73050
275.723;73054
276.341;73053
276.958;73061
277.574;73064
278.192;73058
278.807;73064
279.424;73057
280.448;73052
280.662;73059
281.281;73062
281.893;73057
282.51;73059
283.128;73056
283.744;73057
284.363;73062
284.978;73064
285.596;73063
286.211;73061
286.833;73069
287.445;73068
288.634;73082
288.68;73085
289.298;73077
289.914;73083
290.533;73080
291.148;73069
291.765;73071
292.382;73066
292.999;73063
293.616;73060
294.236;73067
294.849;73070
295.465;73065
296.845;73073
296.701;73083
297.318;73084
297.933;73073
298.549;73070
299.167;73082
299.784;73094
300.401;73119
301.171;73099
301.634;73079
302.251;73072
302.869;73072
303.485;73077
304.108;73087
323;73111
323.614;73102
324.227;73117
324.844;73110
325.46;73097
326.797;73115
326.694;73114
327.311;73096
327.928;73114
328.545;73116
329.165;73106
329.779;73116
330.395;73114
331.134;73116
331.629;73103
332.246;73084
332.862;73078
333.479;73108
334.102;73116
334.714;73106
335.33;73119
335.948;73110
336.564;73115
337.181;73113
337.798;73115
338.415;73108
339.324;73107
339.648;73107
340.266;73103
340.884;73109
341.5;73110
342.117;73100
342.734;73103
343.35;73112
343.967;73109
344.584;73111
345.201;73110
345.824;73109
346.436;73114
347.513;73117
347.669;73116
348.286;73110
348.902;73105
349.519;73108
350.137;73102
350.755;73118
351.37;73106
351.986;73107
352.603;73106
353.22;73111
353.837;73111
354.454;73109
355.707;73110
355.69;73113
356.305;73109
356.922;73107
357.54;73108
358.158;73113
358.772;73115
359.389;73106
360.572;73105
360.624;73114
361.24;73114
361.857;73111
362.473;73109
363.906;73106
363.707;73114
364.324;73105
364.94;73108
365.558;73108
366.174;73108
366.791;73115
367.408;73116
368.254;73118
368.642;73112
369.259;73114
369.877;73106
370.494;73116
371.111;73111
371.727;73116
372.344;73115
372.961;73111
373.582;73115
374.196;73093
374.812;73096
375.428;73105
376.496;73118
376.662;73115
377.281;73106
377.898;73115
378.513;73116
379.13;73116
379.755;73118
380.363;73116
380.981;73113
381.597;73112
382.216;73115
382.833;73126
383.449;73122
384.655;73117
384.682;73127
385.299;73120
385.917;73103
386.534;73090
387.15;73084
387.768;73090
388.384;73091
389.715;73092
389.621;73073
390.235;73081
390.852;73101
391.47;73105
392.855;73109
392.702;73132
393.319;73118
393.937;73119
394.554;73099
395.17;73099
395.787;73102
415.262;73135
415.88;73132
416.498;73127
417.116;73129
417.729;73128
418.347;73126
418.964;73129
419.58;73126
420.196;73126
420.813;73122
421.43;73130
422.481;73131
422.664;73127
423.284;73128
423.9;73137
424.515;73127
425.132;73130
425.748;73121
426.365;73124
427.275;73132
427.599;73131
428.218;73131
428.834;73122
429.449;73129
430.661;73126
430.685;73125
431.3;73133
431.917;73132
432.536;73125
433.153;73127
433.768;73122
434.387;73115
435.205;73120
435.62;73118
436.238;73114
436.86;73112
437.47;73115
438.877;73115
438.705;73111
439.32;73114
439.937;73109
440.554;73102
441.172;73112
441.79;73109
442.404;73114
443.226;73105
443.64;73108
444.255;73117
444.872;73111
445.49;73105
446.105;73105
446.725;73105
447.34;73104
447.956;73108
448.573;73110
449.191;73100
449.806;73102
450.424;73107
451.417;73103
451.66;73110
452.274;73106
452.892;73107
453.509;73108
454.124;73108
454.741;73100
455.359;73102
455.98;73100
456.593;73100
457.209;73097
457.826;73100
458.442;73100
459.623;73102
459.678;73097
460.294;73104
460.911;73102
461.527;73092
462.145;73102
481.318;73093
481.935;73100
482.552;73102
483.169;73104
483.785;73114
484.402;73098
485.2;73096
485.636;73110
486.253;73107
486.87;73099
487.487;73099
488.106;73119
488.72;73107
489.338;73090
489.954;73091
490.571;73089
491.187;73077
491.804;73089
492.421;73096
493.379;73078
493.655;73078
494.272;73089
494.889;73092
495.506;73075
496.122;73076
496.739;73060
497.357;73073
497.974;73083
498.591;73072
499.209;73090
499.825;73084
500.442;73083
501.596;73080
501.678;73081
502.292;73101
502.909;73098
503.526;73088
504.143;73089
504.763;73106
505.384;73102
505.995;73108
506.611;73104
507.227;73105
507.844;73105
508.461;73107
509.789;73107
509.695;73102
510.311;73106
510.928;73113
511.546;73107
512.162;73091
512.782;73087
513.397;73081
514.128;73080
514.641;73077
515.249;73088
515.865;73096
516.484;73094
517.979;73093
517.714;73094
518.331;73111
518.949;73107
519.565;73114
520.181;73125
520.798;73124
521.415;73118
522.313;73118
522.648;73117
523.265;73128
523.882;73127
524.5;73119
525.115;73121
525.733;73123
526.349;73128
526.969;73122
527.583;73130
528.201;73125
528.818;73119
529.436;73112
530.51;73123
530.668;73119
531.288;73095
531.901;73103
532.518;73107
533.135;73106
533.752;73082
534.368;73076
534.985;73085
535.603;73084
536.219;73091
536.836;73085
537.453;73091
538.701;73091
538.686;73089
539.304;73090
539.92;73077
540.542;73076
541.155;73105
541.772;73107
542.389;73105
543.631;73105
543.622;73094
544.242;73093
544.856;73097
545.473;73108
546.895;73100
546.706;73114
547.327;73110
547.94;73103
548.566;73106
549.173;73114
549.793;73126
550.407;73122
551.238;73119
551.641;73125
552.257;73132
552.874;73114
553.492;73117
554.117;73130
554.725;73121
555.342;73128
555.96;73130
556.577;73125
557.193;73130
557.81;73132
558.427;73135
559.444;73132
559.661;73147
560.277;73129
560.894;73134
561.511;73131
562.13;73128
562.745;73133
563.361;73130
563.979;73130
564.596;73125
565.212;73135
565.829;73138
566.445;73137
567.632;73129
567.679;73133
568.298;73127
568.913;73137
569.531;73133
570.146;73133
570.763;73135
571.381;73102
572.378;73109
572.614;73088
573.231;73097
573.847;73109
574.464;73114
575.81;73105
575.698;73095
576.315;73104
576.933;73115
577.549;73112
578.165;73125
578.783;73102
579.4;73092
580.174;73084
580.634;73095
581.252;73082
581.866;73072
582.484;73077
583.101;73098
583.719;73095
584.338;73088
584.952;73095
585.568;73093
586.185;73084
586.802;73077
587.419;73080
588.357;73088
588.653;73074
589.273;73079
589.887;73112
590.503;73119
591.12;73116
591.739;73092
592.354;73076
592.97;73050
593.587;73050
594.204;73053
594.821;73044
595.437;73047
596.56;73040
596.671;73029
597.289;73028
597.906;73024
598.522;73018
599.138;73015
599.76;73007
600.375;73019
600.989;73028
601.606;73028
602.222;73027
602.839;73021
603.456;73021
604.732;73022
604.69;73024
605.307;73029
605.923;73037
606.541;73029
607.159;73035
607.774;73031
608.391;73031
609.768;73029
609.624;73031
610.243;73035
610.863;73034
611.477;73034
612.924;73031
612.709;73029
613.328;73028
613.943;73036
614.56;73034
615.178;73029
615.794;73028
616.411;73031
617.279;73035
617.645;73037
618.262;73029
618.879;73038
619.496;73039
620.113;73037
620.729;73039
621.347;73038
621.963;73041
622.579;73035
623.197;73045
623.812;73048
624.429;73043
625.487;73056
625.664;73056
626.281;73053
626.899;73061
627.515;73059
628.131;73070
628.748;73067
629.364;73060
629.983;73060
630.599;73063
631.218;73066
631.832;73065
632.45;73055
633.655;73048
633.683;73056
634.299;73049
634.918;73059
635.533;73062
636.15;73057
636.767;73064
637.383;73064
638.153;73062
638.618;73072
639.234;73072
639.855;73082
640.468;73086
641.845;73094
641.701;73111
642.319;73106
642.935;73121
643.553;73119
644.169;73135
644.787;73136
645.403;73122
646.194;73106
646.637;73101
647.254;73115
647.87;73128
648.487;73112
649.103;73106
649.72;73079
650.338;73077
650.954;73072
651.57;73071
652.188;73056
652.804;73056
653.422;73054
654.401;73059
654.657;73057
655.273;73056
655.89;73056
656.506;73056
657.124;73054
657.74;73058
658.357;73055
658.974;73052
659.59;73058
660.209;73055
660.824;73053
661.441;73050
662.602;73052
662.675;73049
663.292;73043
663.908;73047
664.527;73037
665.142;73045
665.759;73037
666.376;73045
666.992;73046
667.609;73050
668.226;73046
668.843;73048
669.459;73049
670.776;73035
670.693;73040
671.311;73038
671.927;73045
672.544;73041
673.161;73041
673.779;73048
674.395;73041
675.111;73050
675.628;73050
676.249;73051
676.861;73042
677.48;73048
678.961;73056
678.712;73058
679.329;73063
679.945;73060
680.563;73062
681.18;73060
681.797;73070
682.413;73071
683.348;73072
683.646;73062
684.263;73068
684.88;73070
685.497;73073
686.115;73081
686.733;73095
687.347;73075
687.967;73077
688.581;73082
689.198;73077
689.814;73087
690.433;73087
691.473;73085
691.664;73081
692.281;73078
692.899;73072
693.517;73072
694.133;73066
694.749;73053
695.368;73043
695.983;73041
696.602;73039
697.217;73042
697.838;73034
698.45;73036
699.669;73028
699.684;73032
700.301;73034
700.921;73030
701.538;73029
702.16;73021
702.769;73030
703.386;73030
704.214;73026
704.62;73029
705.238;73031
705.853;73040
706.47;73051
707.865;73053
707.704;73054
708.32;73060
708.937;73061
709.557;73052
710.17;73061
710.788;73056
711.404;73065
712.212;73072
712.642;73080
713.254;73065
713.871;73085
714.49;73100
715.104;73113
715.721;73111
716.339;73114
716.956;73106
717.572;73099
718.19;73109
718.805;73105
719.422;73119
720.385;73116
720.659;73122
721.272;73124
721.889;73116
722.506;73116
723.124;73120
723.739;73121
724.356;73122
724.973;73121
725.59;73118
726.206;73124
726.823;73118
727.441;73124
728.58;73123
728.674;73123
729.292;73116
729.908;73095
730.527;73091
731.143;73095
731.76;73115
732.381;73099
733.317;73092
733.614;73092
734.227;73059
734.843;73042
735.46;73037
736.785;73031
736.694;73032
737.311;73037
737.927;73029
738.544;73027
739.161;73013
739.779;73008
740.395;73010
741.128;73004
741.628;72998
742.244;73013
742.862;73007
743.478;73005
744.986;73003
744.712;73010
745.329;73006
745.945;73004
746.563;73006
747.179;72998
747.796;72996
748.412;72998
749.291;73005
749.652;72996
750.262;73005
750.881;72997
751.498;73005
752.113;73002
752.73;72999
753.347;72998
753.964;72997
754.581;72999
755.203;73004
755.817;72999
756.431;73000
757.469;72997
757.664;72996
