Time;Temperature
0;11.69
1;11.7
2;11.695
3;11.685
4;11.685
5;11.69
6;11.685
7;11.675
8;11.68
9;11.68
10;11.685
11;11.675
12;11.68
13;11.67
14;11.675
15;11.67
16;11.665
17;11.66
18;11.64
37;21.61
38;11.66
39;11.64
40;11.65
41;11.63
42;11.64
43;11.63
44;11.635
46;11.63
47;11.63
48;11.625
49;11.635
50;11.62
51;11.615
52;11.62
54;11.62
55;11.62
56;11.62
57;11.615
58;11.62
59;11.615
60;11.61
61;11.6
62;11.62
63;11.63
64;11.605
65;11.635
66;11.64
67;11.63
85;21.61
86;11.84
87;11.78
88;11.775
89;11.76
90;11.77
91;11.79
93;11.79
94;11.8
95;11.795
96;11.79
97;11.8
98;11.78
99;11.79
101;11.79
102;11.79
103;11.79
104;11.78
105;11.78
106;11.78
107;11.785
108;11.76
109;11.775
110;11.78
111;11.775
112;11.77
113;11.75
114;11.755
115;11.76
116;11.75
117;11.75
118;11.76
119;11.75
120;11.74
122;11.74
123;11.72
124;11.735
125;11.735
126;11.72
127;11.725
128;11.725
130;11.71
131;11.71
132;11.685
133;11.705
134;11.71
135;11.705
136;11.7
138;11.7
139;11.69
140;11.695
141;11.7
142;11.69
143;11.68
144;11.68
145;11.675
146;11.68
147;11.67
148;11.685
149;11.685
150;11.67
151;11.665
152;11.68
153;11.675
154;11.665
155;11.68
156;11.655
157;11.64
159;11.66
160;11.66
161;11.665
162;11.65
163;11.64
164;11.66
165;11.665
167;11.65
168;11.66
169;11.645
170;11.665
171;11.66
172;11.635
173;11.65
174;11.65
175;11.65
176;11.64
177;11.645
178;11.65
179;11.64
180;11.64
181;11.66
182;11.65
183;11.655
184;11.65
185;11.655
186;11.655
188;11.64
189;11.65
190;11.645
191;11.635
192;11.65
193;11.645
194;11.645
196;11.65
197;11.65
198;11.65
199;11.64
200;11.64
201;11.63
202;11.63
204;11.65
205;11.65
206;11.64
207;11.65
208;11.64
209;11.65
210;11.65
211;11.635
212;11.625
213;11.66
214;11.65
215;11.64
217;11.65
218;11.64
219;11.655
220;11.66
221;11.65
222;11.65
223;11.65
225;11.65
226;11.66
227;11.65
228;11.64
230;11.66
231;11.655
233;11.66
234;11.65
235;11.665
236;11.655
237;11.64
238;11.66
239;11.65
240;11.655
241;11.66
242;11.66
243;11.66
244;11.645
245;11.66
246;11.665
247;11.65
248;11.655
249;11.66
250;11.66
251;11.635
252;11.665
254;11.66
255;11.66
256;11.665
257;11.655
258;11.66
259;11.665
260;11.675
262;11.67
263;11.65
264;11.66
265;11.665
266;11.67
267;11.67
268;11.66
269;11.68
270;11.665
271;11.66
272;11.665
273;11.66
274;11.66
275;11.67
276;11.66
277;11.66
278;11.655
279;11.66
280;11.67
281;11.675
283;11.67
284;11.67
285;11.68
286;11.675
287;11.68
288;11.685
289;11.66
291;11.68
292;11.67
293;11.675
294;11.68
295;11.69
296;11.685
297;11.685
298;11.69
317;21.61
318;11.83
319;11.79
321;11.8
322;11.82
323;11.825
324;11.815
325;11.84
326;11.84
327;11.855
328;11.83
329;11.855
330;11.85
331;11.85
332;11.86
333;11.85
334;11.86
335;11.87
336;11.83
337;11.86
338;11.87
339;11.86
340;11.865
342;11.86
343;11.87
344;11.87
345;11.875
346;11.86
347;11.865
348;11.865
350;11.88
351;11.88
352;11.875
353;11.865
355;11.86
356;11.87
358;11.88
359;11.87
360;11.865
361;11.865
362;11.88
363;11.865
364;11.88
365;11.87
366;11.88
367;11.88
368;11.865
369;11.86
370;11.89
371;11.885
372;11.88
373;11.885
374;11.87
375;11.88
376;11.875
377;11.875
379;11.88
380;11.87
381;11.89
382;11.89
384;11.88
385;11.885
387;11.88
388;11.89
389;11.885
390;11.89
409;21.61
410;12.025
411;11.99
412;11.975
413;12
414;12
415;11.995
416;12.02
417;12.025
418;12.03
419;12.03
420;12.04
421;12.03
422;12.04
423;12.035
425;12.04
426;12.05
427;12.05
428;12.045
429;12.04
430;12.06
431;12.06
433;12.06
434;12.07
435;12.07
436;12.08
437;12.09
438;12.095
439;12.115
440;12.1
441;12.12
442;12.12
443;12.13
444;12.135
445;12.16
446;12.145
447;12.16
448;12.165
449;12.18
450;12.2
451;12.2
452;12.18
454;12.22
455;12.22
456;12.22
475;21.61
476;12.41
477;12.385
478;12.39
479;12.36
480;12.375
481;12.395
482;12.37
483;12.395
484;12.39
485;12.405
486;12.39
487;12.39
488;12.39
489;12.4
490;12.385
491;12.405
492;12.4
493;12.39
494;12.39
496;12.38
497;12.37
498;12.375
499;12.36
500;12.37
501;12.37
502;12.365
504;12.33
505;12.35
506;12.35
507;12.345
508;12.34
509;12.335
510;12.35
512;12.33
513;12.34
514;12.33
515;12.325
516;12.32
517;12.315
518;12.315
519;12.32
520;12.31
521;12.32
522;12.31
523;12.31
525;12.3
526;12.29
527;12.3
528;12.29
529;12.3
530;12.29
531;12.28
533;12.29
534;12.25
535;12.275
536;12.285
538;12.27
539;12.27
541;12.28
542;12.27
543;12.275
544;12.28
545;12.29
546;12.285
547;12.295
548;12.3
549;12.3
550;12.31
551;12.32
552;12.325
553;12.34
554;12.325
555;12.35
556;12.35
557;12.355
558;12.38
559;12.38
560;12.39
562;12.4
563;12.4
564;12.405
565;12.425
566;12.43
567;12.44
568;12.44
570;12.46
571;12.48
572;12.47
573;12.5
574;12.5
575;12.515
576;12.525
577;12.51
578;12.535
579;12.55
580;12.555
581;12.565
582;12.57
583;12.585
584;12.6
585;12.605
586;12.61
587;12.63
588;12.625
589;12.63
591;12.66
592;12.67
593;12.68
594;12.695
595;12.71
596;12.71
597;12.72
599;12.73
600;12.73
601;12.735
602;12.75
604;12.75
605;12.775
607;12.78
608;12.79
609;12.785
610;12.8
611;12.81
612;12.81
613;12.81
614;12.81
615;12.82
616;12.83
617;12.84
618;12.84
619;12.85
620;12.835
621;12.86
622;12.845
623;12.845
624;12.85
625;12.865
626;12.87
628;12.88
629;12.87
630;12.875
631;12.89
632;12.88
633;12.89
634;12.905
636;12.9
637;12.91
638;12.91
639;12.905
640;12.91
641;12.93
642;12.93
643;12.93
644;12.95
645;12.95
646;12.94
647;12.945
648;12.95
649;12.95
650;12.96
651;12.945
652;12.945
653;12.95
654;12.95
655;12.935
657;12.93
658;12.93
659;12.935
660;12.91
661;12.92
662;12.91
663;12.905
665;12.9
666;12.89
667;12.89
668;12.88
669;12.87
670;12.865
671;12.86
673;12.85
674;12.85
675;12.85
676;12.835
677;12.83
678;12.835
679;12.815
680;12.82
681;12.815
682;12.81
683;12.8
684;12.795
685;12.8
686;12.8
687;12.79
688;12.785
689;12.78
690;12.78
691;12.78
692;12.77
694;12.77
695;12.77
696;12.765
697;12.755
698;12.75
699;12.755
700;12.745
702;12.75
703;12.75
704;12.73
705;12.745
706;12.74
707;12.74
708;12.73
709;12.73
710;12.735
711;12.74
712;12.73
713;12.725
714;12.73
715;12.72
716;12.73
717;12.715
718;12.71
719;12.73
720;12.725
721;12.725
723;12.72
724;12.72
725;12.725
726;12.725
727;12.73
728;12.72
729;12.725
731;12.72
732;12.71
733;12.72
734;12.72
735;12.7
736;12.715
737;12.71
739;12.72
740;12.71
741;12.72
742;12.71
743;12.71
744;12.72
745;12.72
746;12.72
747;12.725
748;12.72
749;12.72
750;12.725
751;12.7
752;12.73
