Time;Temperature
0.399327;11.69
0.893369;11.7
1.87978;11.7
2.37414;11.69
2.86665;11.68
3.36005;11.69
3.85372;11.69
4.34731;11.68
4.84199;11.69
5.33601;11.69
5.82758;11.68
6.32115;11.69
6.81694;11.67
7.3114;11.68
7.80252;11.68
8.29843;11.68
8.78823;11.68
9.28172;11.68
9.77838;11.68
10.2692;11.69
10.7621;11.68
11.2568;11.67
11.7491;11.68
12.2426;11.68
12.7376;11.67
13.2293;11.67
13.7228;11.68
14.2179;11.67
14.71;11.67
15.2036;11.67
15.6978;11.66
16.1902;11.67
16.6838;11.66
17.1783;11.66
17.6719;11.64
37.4385;21.61
37.6607;11.71
38.2786;11.61
38.8942;11.64
39.5112;11.65
40.1279;11.65
40.7448;11.63
41.3634;11.63
41.9791;11.64
42.5976;11.63
43.2122;11.63
43.8301;11.63
44.4459;11.64
45.6452;11.62
45.6796;11.63
46.2984;11.63
46.9135;11.63
47.531;11.63
48.147;11.62
48.7639;11.63
49.3811;11.64
49.9974;11.62
50.6143;11.62
51.231;11.61
51.8498;11.62
52.4648;11.62
53.819;11.62
53.6984;11.63
54.3236;11.62
54.9642;11.62
55.55;11.63
56.1671;11.61
56.7838;11.62
57.4014;11.61
58.1756;11.62
58.635;11.61
59.2512;11.62
59.8691;11.61
60.485;11.61
61.1018;11.6
61.7188;11.62
62.3356;11.62
62.9527;11.63
63.5695;11.59
64.1862;11.62
64.8045;11.63
65.4207;11.64
66.4221;11.64
66.6537;11.63
85.2786;21.61
85.8935;11.84
86.5107;11.78
87.1273;11.78
87.7448;11.77
88.3614;11.78
88.9778;11.76
89.5984;11.78
90.212;11.76
90.8329;11.79
91.445;11.79
92.632;11.76
92.6787;11.8
93.2966;11.79
93.9124;11.8
94.5291;11.8
95.1458;11.79
95.7627;11.79
96.3795;11.79
97.3745;11.8
97.613;11.79
98.2301;11.77
98.8466;11.78
99.4654;11.8
100.804;11.8
100.698;11.79
101.314;11.79
101.934;11.79
102.549;11.79
103.167;11.79
103.783;11.79
104.399;11.77
105.185;11.78
105.635;11.77
106.25;11.79
106.866;11.79
107.484;11.78
108.1;11.76
108.721;11.77
109.334;11.78
109.951;11.78
110.568;11.77
111.185;11.78
111.802;11.76
112.419;11.78
113.365;11.75
113.652;11.74
114.269;11.77
114.885;11.76
115.503;11.75
116.119;11.75
116.737;11.74
117.353;11.76
117.969;11.76
118.587;11.75
119.203;11.75
119.822;11.75
120.439;11.73
121.538;11.74
121.67;11.73
122.287;11.74
122.907;11.72
123.522;11.74
124.138;11.73
124.754;11.73
125.372;11.74
125.988;11.72
126.605;11.72
127.223;11.73
127.839;11.73
128.456;11.72
129.724;11.69
129.689;11.72
130.306;11.71
130.923;11.71
131.541;11.69
132.158;11.68
132.774;11.71
133.392;11.7
134.142;11.71
134.625;11.7
135.242;11.71
135.861;11.7
136.478;11.7
137.921;11.71
137.709;11.7
138.326;11.7
138.942;11.69
139.56;11.69
140.181;11.7
140.793;11.7
141.41;11.7
142.283;11.69
142.644;11.68
143.265;11.68
143.878;11.68
144.501;11.67
145.112;11.68
145.729;11.68
146.346;11.68
146.962;11.67
147.58;11.69
148.199;11.68
148.813;11.69
149.43;11.68
150.466;11.67
150.664;11.67
151.28;11.66
151.897;11.68
152.514;11.68
153.132;11.67
153.749;11.66
154.366;11.67
154.981;11.68
155.599;11.66
156.215;11.65
156.832;11.63
157.45;11.65
158.659;11.66
158.684;11.67
159.3;11.65
159.916;11.66
160.533;11.66
161.151;11.67
161.771;11.65
162.388;11.65
163.159;11.64
163.621;11.66
164.238;11.66
164.852;11.67
165.469;11.66
166.861;11.65
166.703;11.65
167.32;11.66
167.939;11.66
168.553;11.66
169.17;11.63
169.787;11.66
170.404;11.67
171.327;11.66
171.638;11.65
172.255;11.62
172.871;11.65
173.489;11.65
174.105;11.65
174.722;11.66
175.34;11.64
175.955;11.64
176.578;11.65
177.189;11.64
177.806;11.65
178.423;11.65
179.4;11.64
179.656;11.63
180.273;11.65
180.891;11.66
181.507;11.65
182.124;11.65
182.742;11.66
183.359;11.65
183.977;11.65
184.597;11.66
185.21;11.65
185.827;11.66
186.444;11.65
187.601;11.64
187.68;11.66
188.294;11.64
188.911;11.65
189.528;11.65
190.145;11.64
190.762;11.63
191.379;11.64
191.996;11.65
192.612;11.65
193.23;11.64
193.848;11.65
194.463;11.64
195.796;11.65
195.698;11.65
196.313;11.65
196.93;11.65
197.548;11.65
198.164;11.65
198.781;11.64
199.399;11.64
200.191;11.64
200.632;11.63
201.248;11.63
201.865;11.63
202.482;11.63
203.996;11.66
203.72;11.64
204.333;11.65
204.949;11.65
205.566;11.64
206.186;11.64
206.8;11.65
207.419;11.65
208.341;11.64
208.65;11.64
209.268;11.66
209.885;11.65
210.501;11.63
211.119;11.64
211.735;11.61
212.352;11.64
212.968;11.66
213.586;11.65
214.204;11.65
214.827;11.63
215.439;11.65
216.537;11.64
216.671;11.65
217.292;11.65
217.906;11.64
218.521;11.66
219.139;11.65
219.756;11.66
220.373;11.66
220.99;11.65
221.607;11.65
222.224;11.65
222.84;11.65
223.461;11.65
224.764;11.65
224.691;11.66
225.308;11.65
225.924;11.66
226.543;11.65
227.158;11.65
227.775;11.65
228.392;11.63
229.99;11.66
229.626;11.66
230.243;11.66
230.861;11.66
231.477;11.65
232.95;11.65
232.71;11.66
233.327;11.66
233.945;11.65
234.561;11.66
235.179;11.67
235.794;11.66
236.412;11.65
237.283;11.64
237.645;11.66
238.262;11.66
238.88;11.65
239.502;11.66
240.112;11.65
240.73;11.66
241.346;11.66
241.963;11.66
242.58;11.66
243.199;11.66
243.815;11.65
244.431;11.64
245.487;11.66
245.676;11.66
246.283;11.67
246.899;11.65
247.518;11.66
248.134;11.65
248.751;11.66
249.367;11.66
249.984;11.66
250.601;11.64
251.221;11.63
251.835;11.66
252.452;11.67
253.693;11.67
253.685;11.66
254.303;11.65
254.919;11.66
255.536;11.67
256.152;11.66
256.77;11.65
257.387;11.66
258.398;11.66
258.621;11.67
259.237;11.66
259.854;11.67
260.472;11.68
261.874;11.65
261.704;11.67
262.321;11.68
262.94;11.65
263.555;11.67
264.173;11.65
264.793;11.66
265.405;11.67
266.224;11.67
266.639;11.67
267.26;11.67
267.873;11.65
268.492;11.67
269.107;11.68
269.723;11.66
270.341;11.67
270.958;11.66
271.574;11.66
272.192;11.67
272.807;11.67
273.424;11.65
274.448;11.66
274.662;11.66
275.281;11.68
275.893;11.66
276.51;11.66
277.128;11.66
277.744;11.65
278.363;11.66
278.978;11.66
279.596;11.66
280.211;11.68
280.833;11.67
281.445;11.68
282.634;11.68
282.68;11.67
283.298;11.67
283.914;11.67
284.533;11.68
285.148;11.68
285.765;11.68
286.382;11.67
286.999;11.68
287.616;11.69
288.236;11.68
288.849;11.66
289.465;11.66
290.845;11.68
290.701;11.68
291.318;11.69
291.933;11.67
292.549;11.68
293.167;11.67
293.784;11.68
294.401;11.68
295.171;11.69
295.634;11.69
296.251;11.68
296.869;11.69
297.485;11.68
298.108;11.69
317;21.61
317.614;11.86
318.227;11.8
318.844;11.79
319.46;11.79
320.797;11.8
320.694;11.8
321.311;11.82
321.928;11.82
322.545;11.83
323.165;11.82
323.779;11.82
324.395;11.81
325.134;11.84
325.629;11.84
326.246;11.84
326.862;11.86
327.479;11.85
328.102;11.83
328.714;11.85
329.33;11.86
329.948;11.85
330.564;11.85
331.181;11.85
331.798;11.86
332.415;11.86
333.324;11.85
333.648;11.85
334.266;11.87
334.884;11.87
335.5;11.87
336.117;11.83
336.734;11.87
337.35;11.85
337.967;11.87
338.584;11.86
339.201;11.86
339.824;11.86
340.436;11.87
341.513;11.87
341.669;11.86
342.286;11.85
342.902;11.87
343.519;11.87
344.137;11.87
344.755;11.88
345.37;11.87
345.986;11.86
346.603;11.88
347.22;11.85
347.837;11.87
348.454;11.86
349.707;11.88
349.69;11.88
350.305;11.87
350.922;11.88
351.54;11.87
352.158;11.88
352.772;11.86
353.389;11.87
354.572;11.86
354.624;11.86
355.24;11.86
355.857;11.86
356.473;11.88
357.906;11.87
357.707;11.88
358.324;11.89
358.94;11.87
359.558;11.87
360.174;11.86
360.791;11.87
361.408;11.86
362.254;11.88
362.642;11.87
363.259;11.86
363.877;11.87
364.494;11.89
365.111;11.87
365.727;11.88
366.344;11.88
366.961;11.88
367.582;11.87
368.196;11.86
368.812;11.86
369.428;11.86
370.496;11.89
370.662;11.88
371.281;11.89
371.898;11.88
372.513;11.89
373.13;11.88
373.755;11.88
374.363;11.86
374.981;11.88
375.597;11.88
376.216;11.87
376.833;11.87
377.449;11.88
378.655;11.88
378.682;11.88
379.299;11.89
379.917;11.87
380.534;11.89
381.15;11.89
381.768;11.88
382.384;11.9
383.715;11.89
383.621;11.88
384.235;11.88
384.852;11.89
385.47;11.88
386.855;11.88
386.702;11.88
387.319;11.89
387.937;11.89
388.554;11.88
389.17;11.89
389.787;11.89
409.262;21.61
409.88;12.06
410.498;11.99
411.116;11.99
411.729;11.96
412.347;11.99
412.964;12
413.58;12
414.196;12
414.813;12
415.43;11.99
416.481;12.02
416.664;12.02
417.284;12.03
417.9;12.03
418.515;12.03
419.132;12.03
419.748;12.04
420.365;12.04
421.275;12.03
421.599;12.04
422.218;12.04
422.834;12.02
423.449;12.05
424.661;12.05
424.685;12.03
425.3;12.04
425.917;12.05
426.536;12.04
427.153;12.06
427.768;12.05
428.387;12.04
429.205;12.04
429.62;12.06
430.238;12.06
430.86;12.07
431.47;12.05
432.877;12.06
432.705;12.05
433.32;12.06
433.937;12.07
434.554;12.07
435.172;12.07
435.79;12.09
436.404;12.07
437.226;12.09
437.64;12.1
438.255;12.09
438.872;12.11
439.49;12.12
440.105;12.1
440.725;12.12
441.34;12.12
441.956;12.12
442.573;12.14
443.191;12.12
443.806;12.13
444.424;12.14
445.417;12.16
445.66;12.14
446.274;12.15
446.892;12.16
447.509;12.16
448.124;12.17
448.741;12.17
449.359;12.19
449.98;12.2
450.593;12.2
451.209;12.2
451.826;12.18
452.442;12.18
453.623;12.22
453.678;12.22
454.294;12.21
454.911;12.22
455.527;12.22
456.145;12.22
475.318;21.61
475.935;12.41
476.552;12.38
477.169;12.39
477.785;12.39
478.402;12.39
479.2;12.36
479.636;12.37
480.253;12.38
480.87;12.39
481.487;12.4
482.106;12.37
482.72;12.39
483.338;12.4
483.954;12.39
484.571;12.4
485.187;12.41
485.804;12.38
486.421;12.4
487.379;12.39
487.655;12.4
488.272;12.38
488.889;12.4
489.506;12.37
490.122;12.4
490.739;12.4
491.357;12.41
491.974;12.4
492.591;12.39
493.209;12.39
493.825;12.39
494.442;12.39
495.596;12.38
495.678;12.37
496.292;12.39
496.909;12.37
497.526;12.38
498.143;12.37
498.763;12.36
499.384;12.36
499.995;12.37
500.611;12.37
501.227;12.37
501.844;12.37
502.461;12.36
503.789;12.37
503.695;12.33
504.311;12.32
504.928;12.35
505.546;12.35
506.162;12.35
506.782;12.35
507.397;12.34
508.128;12.34
508.641;12.33
509.249;12.34
509.865;12.35
510.484;12.35
511.979;12.33
511.714;12.33
512.331;12.33
512.949;12.34
513.565;12.33
514.181;12.33
514.798;12.33
515.415;12.32
516.313;12.32
516.648;12.31
517.265;12.32
517.882;12.32
518.5;12.31
519.115;12.32
519.733;12.31
520.349;12.31
520.969;12.32
521.583;12.31
522.201;12.31
522.818;12.3
523.436;12.32
524.51;12.3
524.668;12.3
525.288;12.28
525.901;12.29
526.518;12.3
527.135;12.3
527.752;12.28
528.368;12.3
528.985;12.3
529.603;12.29
530.219;12.29
530.836;12.26
531.453;12.3
532.701;12.29
532.686;12.29
533.304;12.27
533.92;12.25
534.542;12.28
535.155;12.27
535.772;12.29
536.389;12.28
537.631;12.26
537.622;12.27
538.242;12.29
538.856;12.27
539.473;12.27
540.895;12.28
540.706;12.28
541.327;12.27
541.94;12.27
542.566;12.27
543.173;12.28
543.793;12.28
544.407;12.28
545.238;12.29
545.641;12.3
546.257;12.27
546.874;12.3
547.492;12.29
548.117;12.3
548.725;12.3
549.342;12.3
549.96;12.31
550.577;12.32
551.193;12.32
551.81;12.32
552.427;12.33
553.444;12.34
553.661;12.33
554.277;12.32
554.894;12.35
555.511;12.34
556.13;12.36
556.745;12.35
557.361;12.36
557.979;12.38
558.596;12.37
559.212;12.39
559.829;12.39
560.445;12.39
561.632;12.39
561.679;12.4
562.298;12.4
562.913;12.4
563.531;12.4
564.146;12.41
564.763;12.43
565.381;12.42
566.378;12.43
566.614;12.44
567.231;12.44
567.847;12.44
568.464;12.44
569.81;12.45
569.698;12.47
570.315;12.46
570.933;12.48
571.549;12.47
572.165;12.47
572.783;12.5
573.4;12.5
574.174;12.5
574.634;12.51
575.252;12.52
575.866;12.53
576.484;12.52
577.101;12.51
577.719;12.53
578.338;12.54
578.952;12.55
579.568;12.55
580.185;12.56
580.802;12.55
581.419;12.58
582.357;12.57
582.653;12.58
583.273;12.59
583.887;12.6
584.503;12.6
585.12;12.61
585.739;12.6
586.354;12.62
586.97;12.63
587.587;12.63
588.204;12.62
588.821;12.63
589.437;12.63
590.56;12.66
590.671;12.66
591.289;12.68
591.906;12.67
592.522;12.66
593.138;12.7
593.76;12.69
594.375;12.7
594.989;12.71
595.606;12.71
596.222;12.71
596.839;12.72
597.456;12.72
598.732;12.72
598.69;12.73
599.307;12.74
599.923;12.73
600.541;12.72
601.159;12.75
601.774;12.75
602.391;12.75
603.768;12.75
603.624;12.77
604.243;12.74
604.863;12.77
605.477;12.78
606.924;12.78
606.709;12.78
607.328;12.78
607.943;12.79
608.56;12.78
609.178;12.79
609.794;12.8
610.411;12.8
611.279;12.81
611.645;12.81
612.262;12.81
612.879;12.81
613.496;12.81
614.113;12.81
614.729;12.82
615.347;12.82
615.963;12.83
616.579;12.83
617.197;12.85
617.812;12.85
618.429;12.83
619.487;12.85
619.664;12.83
620.281;12.84
620.899;12.86
621.515;12.85
622.131;12.84
622.748;12.85
623.364;12.84
623.983;12.85
624.599;12.86
625.218;12.87
625.832;12.87
626.45;12.87
627.655;12.87
627.683;12.88
628.299;12.89
628.918;12.87
629.533;12.87
630.15;12.88
630.767;12.89
631.383;12.89
632.153;12.88
632.618;12.89
633.234;12.89
633.855;12.91
634.468;12.9
635.845;12.9
635.701;12.9
636.319;12.92
636.935;12.91
637.553;12.91
638.169;12.91
638.787;12.9
639.403;12.91
640.194;12.91
640.637;12.93
641.254;12.93
641.87;12.93
642.487;12.93
643.103;12.93
643.72;12.95
644.338;12.95
644.954;12.95
645.57;12.94
646.188;12.94
646.804;12.95
647.422;12.94
648.401;12.95
648.657;12.95
649.273;12.95
649.89;12.96
650.506;12.94
651.124;12.95
651.74;12.94
652.357;12.95
652.974;12.95
653.59;12.94
654.209;12.96
654.824;12.93
655.441;12.94
656.602;12.93
656.675;12.92
657.292;12.94
657.908;12.93
658.527;12.93
659.142;12.94
659.759;12.9
660.376;12.92
660.992;12.92
661.609;12.92
662.226;12.9
662.843;12.91
663.459;12.9
664.776;12.88
664.693;12.9
665.311;12.9
665.927;12.89
666.544;12.89
667.161;12.89
667.779;12.88
668.395;12.88
669.111;12.87
669.628;12.87
670.249;12.86
670.861;12.86
671.48;12.86
672.961;12.85
672.712;12.85
673.329;12.85
673.945;12.85
674.563;12.86
675.18;12.84
675.797;12.83
676.413;12.84
677.348;12.83
677.646;12.83
678.263;12.84
678.88;12.8
679.497;12.83
680.115;12.82
680.733;12.82
681.347;12.81
681.967;12.81
682.581;12.81
683.198;12.79
683.814;12.8
684.433;12.79
685.473;12.8
685.664;12.8
686.281;12.8
686.899;12.79
687.517;12.79
688.133;12.78
688.749;12.78
689.368;12.78
689.983;12.78
690.602;12.78
691.217;12.78
691.838;12.77
692.45;12.77
693.669;12.78
693.684;12.77
694.301;12.77
694.921;12.77
695.538;12.77
696.16;12.76
696.769;12.76
697.386;12.75
698.214;12.75
698.62;12.75
699.238;12.76
699.853;12.73
700.47;12.76
701.865;12.73
701.704;12.75
702.32;12.75
702.937;12.75
703.557;12.74
704.17;12.72
704.788;12.75
705.404;12.74
706.212;12.74
706.642;12.74
707.254;12.74
707.871;12.74
708.49;12.72
709.104;12.73
709.721;12.73
710.339;12.74
710.956;12.74
711.572;12.74
712.19;12.72
712.805;12.73
713.422;12.72
714.385;12.73
714.659;12.72
715.272;12.72
715.889;12.73
716.506;12.72
717.124;12.71
717.739;12.71
718.356;12.71
718.973;12.73
719.59;12.73
720.206;12.72
720.823;12.72
721.441;12.73
722.58;12.72
722.674;12.71
723.292;12.72
723.908;12.72
724.527;12.72
725.143;12.73
725.76;12.72
726.381;12.73
727.317;12.73
727.614;12.71
728.227;12.73
728.843;12.73
729.46;12.72
730.785;12.71
730.694;12.72
731.311;12.72
731.927;12.71
732.544;12.72
733.161;12.72
733.779;12.72
734.395;12.72
735.128;12.7
735.628;12.72
736.244;12.71
736.862;12.72
737.478;12.7
738.986;12.72
738.712;12.73
739.329;12.72
739.945;12.71
740.563;12.72
741.179;12.72
741.796;12.7
742.412;12.72
743.291;12.71
743.652;12.72
744.262;12.72
744.881;12.72
745.498;12.72
746.113;12.72
746.73;12.72
747.347;12.73
747.964;12.72
748.581;12.72
749.203;12.72
749.817;12.73
750.431;12.72
751.469;12.7
751.664;12.73
