Time;Fluid_pressure
0;73073
1;73068
2;73071.5
3;73067.5
4;73066
5;73070
6;73072
7;73075
8;73070
9;73072
10;73069.5
11;73065.5
12;73073
13;73073
14;73073
15;73073
16;73073
17;73068.5
18;73073
19;73074.5
20;73072
21;73070
22;73074
23;73074
24;73068
43;73106
44;73075
45;73072
46;73074
47;73077
48;73090
49;73110
50;73110
52;73125
53;73124
54;73109
55;73117
56;73125
57;73127
58;73126
60;73128
61;73121
62;73115
63;73124.5
64;73124
65;73107
66;73091
67;73068
68;73060
69;73063
70;73070.5
71;73087.5
72;73105
73;73109
91;73053
92;73064
93;73062
94;73065
95;73073
96;73067
97;73065
99;73079
100;73105
101;73134
102;73132.5
103;73131
104;73141.5
105;73106.5
107;73080
108;73134
109;73128
110;73091
111;73068
112;73056.5
113;73050
114;73048
115;73043.5
116;73064
117;73080
118;73091.5
119;73111
120;73102
121;73088
122;73097.5
123;73103
124;73137
125;73137.5
126;73093.5
128;73066
129;73075
130;73053
131;73045.5
132;73044
133;73043.5
134;73048.5
136;73047
137;73053
138;73055
139;73062
140;73064
141;73066
142;73067.5
144;73070
145;73075
146;73083.5
147;73089.5
148;73094
149;73113.5
150;73080
151;73086
152;73133
153;73151
154;73143.5
155;73144
156;73147
157;73133
158;73134
159;73131.5
160;73130
161;73128
162;73131.5
163;73127.5
165;73128
166;73121
167;73130
168;73125
169;73122
170;73131.5
171;73126.5
173;73128
174;73129
175;73127
176;73130
177;73124
178;73127
179;73129.5
180;73135
181;73133
182;73133
183;73129
184;73130.5
185;73132
186;73128
187;73129
188;73131
189;73137.5
190;73130
191;73110.5
192;73118
194;73132
195;73122
196;73110
197;73100.5
198;73096
199;73091.5
200;73079
202;73069
203;73068
204;73066.5
205;73072
206;73076
207;73102.5
208;73127
210;73129
211;73128
212;73132
213;73126
214;73129
215;73125
216;73123
217;73125
218;73125.5
219;73126
220;73121
221;73127
223;73125
224;73123
225;73126
226;73119
227;73121
228;73128
229;73120.5
231;73128
232;73129
233;73123.5
234;73122
236;73118
237;73103.5
239;73105
240;73128
241;73125
242;73135
243;73125
244;73112.5
245;73107
246;73103
247;73116
248;73135
249;73108
250;73063
251;73042
252;73036
253;73031
254;73034
255;73035.5
256;73034
257;73033
258;73030.5
260;73034
261;73035
262;73038
263;73032
264;73037
265;73041.5
266;73040.5
268;73045
269;73046
270;73048.5
271;73042.5
272;73046
273;73043
274;73043.5
275;73050
276;73053.5
277;73061
278;73061
279;73060.5
280;73052
281;73060.5
282;73057
283;73057.5
284;73059.5
285;73064
286;73062
287;73068.5
289;73082
290;73083
291;73074.5
292;73068.5
293;73063
294;73063.5
295;73067.5
297;73083
298;73073
299;73076
300;73106.5
301;73099
302;73075.5
303;73074.5
304;73087
323;73111
324;73109.5
325;73103.5
327;73114
328;73114
329;73111
330;73115
331;73116
332;73093.5
333;73093
334;73116
335;73112.5
336;73110
337;73114
338;73111.5
339;73107
340;73105
341;73109.5
342;73100
343;73107.5
344;73109
345;73110.5
346;73111.5
348;73116
349;73105
350;73105
351;73112
352;73107
353;73108.5
354;73110
356;73110
357;73107
358;73110.5
359;73110.5
361;73114
362;73110
364;73106
365;73108
366;73108
367;73115.5
368;73118
369;73113
370;73111
371;73111
372;73115.5
373;73111
374;73104
375;73100.5
376;73118
377;73110.5
378;73115
379;73116
380;73117
381;73113
382;73113.5
383;73124
385;73120
386;73103
387;73087
388;73090.5
390;73081
391;73103
393;73118
394;73119
395;73099
396;73102
415;73135
416;73129.5
417;73129
418;73127
419;73129
420;73126
421;73126
422;73131
423;73127.5
424;73137
425;73128.5
426;73122.5
427;73132
428;73131
429;73125.5
431;73126
432;73132
433;73126
434;73118.5
435;73120
436;73116
437;73113.5
439;73114
440;73109
441;73107
442;73111.5
443;73105
444;73112.5
445;73108
446;73105
447;73104.5
448;73108
449;73105
450;73104.5
451;73103
452;73108
453;73107
454;73108
455;73101
456;73100
457;73098.5
458;73100
460;73102
461;73102
462;73097
481;73093
482;73100
483;73103
484;73106
485;73096
486;73108.5
487;73099
488;73119
489;73098.5
490;73091
491;73083
492;73092.5
493;73078
494;73083.5
495;73092
496;73075.5
497;73066.5
498;73083
499;73081
500;73083.5
502;73081
503;73098
504;73088.5
505;73104
506;73108
507;73104.5
508;73106
510;73106
511;73113
512;73099
513;73084
514;73080
515;73082.5
516;73095
518;73094
519;73107
520;73119.5
521;73121
522;73118
523;73122.5
524;73123
525;73121
526;73125.5
527;73122
528;73127.5
529;73115.5
531;73119
532;73103
533;73106.5
534;73079
535;73085
536;73087.5
537;73088
539;73090
540;73077
541;73090.5
542;73106
544;73094
545;73102.5
547;73110
548;73103
549;73110
550;73124
551;73119
552;73128.5
553;73115.5
554;73130
555;73124.5
556;73130
557;73127.5
558;73133.5
559;73132
560;73138
561;73134
562;73129.5
563;73131.5
564;73130
565;73130
566;73137.5
568;73129
569;73137
570;73133
571;73118.5
572;73109
573;73092.5
574;73111.5
576;73104
577;73115
578;73118.5
579;73097
580;73084
581;73088.5
582;73074.5
583;73098
584;73091.5
585;73095
586;73088.5
587;73078.5
588;73088
589;73076.5
590;73112
591;73117.5
592;73084
593;73050
594;73051.5
595;73045.5
597;73029
598;73024
599;73016.5
600;73013
601;73028
602;73027.5
603;73021
605;73024
606;73037
607;73032
608;73031
610;73031
611;73034
613;73029
614;73036
615;73031.5
616;73029.5
617;73035
618;73033
619;73038.5
620;73037
621;73038.5
622;73041
623;73040
624;73045.5
625;73056
626;73054.5
627;73061
628;73064.5
629;73063.5
630;73060
631;73064.5
632;73060
634;73049
635;73059
636;73059.5
637;73064
638;73062
639;73072
640;73084
642;73106
643;73121
644;73127
645;73129
646;73106
647;73108
648;73120
649;73106
650;73078
651;73072
652;73063.5
653;73055
654;73059
655;73056.5
656;73056
657;73055
658;73056.5
659;73052
660;73056.5
661;73051.5
663;73049
664;73047
665;73041
666;73041
667;73046
668;73048
669;73048.5
671;73038
672;73045
673;73041
674;73044.5
675;73050
676;73050.5
677;73045
679;73058
680;73060
681;73061
682;73070.5
683;73072
684;73065
685;73071.5
686;73081
687;73085
688;73077
689;73079.5
690;73087
691;73085
692;73079.5
693;73072
694;73069
695;73048
696;73041
697;73040.5
698;73035
700;73032
701;73030
702;73025
703;73030
704;73026
705;73030
706;73045.5
708;73054
709;73061
710;73056.5
711;73060.5
712;73072
713;73072.5
714;73092.5
715;73113
716;73112.5
717;73106
718;73104
719;73112
720;73116
721;73123
722;73116
723;73118
724;73121.5
725;73121
726;73121
727;73121
729;73123
730;73095
731;73093
732;73107
733;73092
734;73075.5
735;73039.5
737;73032
738;73029
739;73020
740;73009
741;73004
742;73005.5
743;73006
745;73006
746;73004
747;73002
748;72997
749;73005
750;73000.5
751;73001
752;73002
753;72998.5
754;72997
755;73001.5
756;72999.5
757;72997
758;72996
