Time;Current_in_Ampere;Current_out_Ampere;Solar_voltage_Volt;Est_solar_power_Watt
0.736107;131.072;-0.1674;0;0.553415
30.7126;4.18848e-42;-0.1688;0;1.7127e-44
60.6804;-nan;-0.1689;0;-nan
90.6536;7.36705e-41;-0.1694;4.62428e-44;3.114e-43
120.627;7.45056e-41;-0.1811;4.62428e-44;3.12957e-43
150.608;7.46009e-41;-0.1711;4.62428e-44;3.14514e-43
232.453;7.46079e-41;-0.1693;4.62428e-44;3.14514e-43
262.428;7.46009e-41;-0.1751;4.62428e-44;3.12957e-43
324.721;8.25449e-41;-0.3226;4.62428e-44;3.34755e-43
390.778;8.25757e-41;-0.1704;4.62428e-44;3.45654e-43
420.749;8.25743e-41;-0.3017;4.62428e-44;3.36312e-43
450.722;8.25827e-41;-0.4476;4.62428e-44;3.25413e-43
480.692;8.25855e-41;-0.353;4.62428e-44;3.31641e-43
510.664;7.54487e-41;-0.315;4.62428e-44;3.05172e-43
540.635;7.54557e-41;-0.1689;4.62428e-44;3.14514e-43
570.604;7.54655e-41;-0.1809;4.62428e-44;3.14514e-43
600.576;8.26192e-41;-0.1878;4.62428e-44;3.44097e-43
