Time;Angular_velocity_x;Angular_velocity_y;Angular_velocity_z;Orientation_x;Orientation_y;Orientation_z;Orientation_w;Linear_acceleration_x;Linear_acceleration_y;Linear_acceleration_z
1;0;0;0;0;0;0;0;0.15;0.05;-9.76
2;0;0;0;0;0;0;0;0.135;0.06;-9.76
3;0;0;0;0;0;0;0;0.13;0.05;-9.76
4;0;0;0;0;0;0;0;0.13;0.06;-9.77
5;0;0;0;0;0;0;0;0.125;0.07;-9.745
6;0;0;0;0;0;0;0;0.14;0.05;-9.755
7;0;0;0;0;0;0;0;0.13;0.045;-9.77
8;0;0;0;0;0;0;0;0.13;0.05;-9.76
9;0;0;0;0;0;0;0;0.135;0.05;-9.765
10;0;0;0;0;0;0;0;0.14;0.05;-9.765
11;-0.0133333;-0.00111111;0;0;0;0;0;0.15;0.14;-9.75
12;0;0;0;0;0;0;0;0.15;0.3;-9.78
13;0;0;0;0;0;0;0;0.15;0.31;-9.77
14;0;0;0;0;0;0;0;0.15;0.3;-9.77
15;0;0;0;0;0;0;0;0.145;0.295;-9.77
16;0;0;0;0;0;0;0;0.15;0.305;-9.765
17;0;0;0;0;0;0;0;0.15;0.3;-9.78
18;0;0;0;0;0;0;0;0.15;0.29;-9.77
19;0;0;0;0;0;0;0;0.15;0.29;-9.76
20;0;0;0;0;0;0;0;0.15;0.31;-9.76
21;0;0;0;0;0;0;0;0.15;0.31;-9.76
22;0;0;0;0;0;0;0;0.15;0.31;-9.78
23;0;0;0;0;0;0;0;0.15;0.3;-9.78
24;0;0;0;0;0;0;0;0.15;0.3;-9.78
25;0;0;0;0;0;0;0;0.15;0.3;-9.78
26;0;0;0;0;0;0;0;0.15;0.3;-9.77
27;0;0;0;0;0;0;0;0.15;0.3;-9.77
28;0;0;0;0;0;0;0;0.14;0.3;-9.77
29;0;0;0;0;0;0;0;0.15;0.3;-9.75
30;0;0;0;0;0;0;0;0.15;0.3;-9.77
31;0;0;0;0;0;0;0;0.145;0.295;-9.765
32;0;0;0;0;0;0;0;0.15;0.29;-9.78
33;0;0;0;0;0;0;0;0.15;0.29;-9.76
34;0;0;0;0;0;0;0;0.14;0.3;-9.76
35;0;0;0;0;0;0;0;0.15;0.3;-9.75
36;0;0;0;0;0;0;0;0.15;0.29;-9.78
37;0;0;0;0;0;0;0;0.14;0.305;-9.77
38;0;0;0;0;0;0;0;0.15;0.3;-9.76
39;0;0;0;0;0;0;0;0.15;0.31;-9.77
40;0;0;0;0;0;0;0;0.14;0.29;-9.78
41;0;0;0;0;0;0;0;0.15;0.305;-9.78
42;0;0;0;0;0;0;0;0.15;0.3;-9.76
43;0;0;0;0;0;0;0;0.15;0.31;-9.76
44;0;0;0;0;0;0;0;0.16;0.31;-9.76
45;0;0;0;0;0;0;0;0.16;0.3;-9.75
46;0;0;0;0;0;0;0;0.14;0.3;-9.765
47;0;0;0;0;0;0;0;0.15;0.29;-9.775
48;0.0322222;0.00666667;0;0;0;0;0;0.13;0.12;-9.76
49;-0.0155556;-0.0133333;-0.00777778;0;0;0;0;0.02;0.155;-9.74
50;0.0144444;0.00333333;0.00222222;0;0;0;0;0;0.18;-9.79
51;0;-0.005;-0.00166667;0;0;0;0;0.085;0.125;-9.76
52;0;0.01;0.00888889;0;0;0;0;0.16;0.11;-9.78
53;-0.00833333;-0.00166667;0.00833333;0;0;0;0;0.295;0.13;-9.81
54;-0.00888889;-0.00111111;0.00444444;0;0;0;0;0.31;0.37;-9.76
55;0;0.00111111;0.00444444;0;0;0;0;0.29;0.39;-9.74
56;-0.0144444;-0.025;-0.00833333;0;0;0;0;0.29;0.32;-9.735
57;0.00222222;0.00666667;0.0133333;0;0;0;0;0.27;0.39;-9.74
58;0.0433333;0.00611111;0.00666667;0;0;0;0;0.295;0.23;-9.77
59;0.0194444;-0.00444444;-0.0105556;0;0;0;0;0.385;0.035;-9.83
60;-0.0233333;0.00555556;0;0;0;0;0;0.4;0.15;-9.78
61;-0.0344444;-0.00555556;-0.0122222;0;0;0;0;0.25;0.27;-9.73
62;0.00777778;0.00444444;-0.00444444;0;0;0;0;0.22;0.44;-9.77
63;0;0.00777778;0.0111111;0;0;0;0;0.29;0.35;-9.77
64;0.00555556;-0.0127778;-0.000555556;0;0;0;0;0.275;0.355;-9.79
65;0.0161111;0.000555556;-0.005;0;0;0;0;0.24;0.28;-9.76
66;0.0111111;-0.00222222;-0.0177778;0;0;0;0;0.26;0.14;-9.73
67;-0.01;0.0133333;-0.00666667;0;0;0;0;0.17;0.11;-9.74
68;-0.00333333;0.00777778;0;0;0;0;0;0.13;0.15;-9.75
69;0.00111111;0.00888889;0;0;0;0;0;0.045;0.23;-9.75
70;0.0111111;-0.00333333;0.00444444;0;0;0;0;0.04;0.21;-9.78
71;-0.0238889;0.000555556;0.00277778;0;0;0;0;0.145;0.24;-9.755
72;0.00333333;0;0.00888889;0;0;0;0;0.17;0.42;-9.76
73;0.01;0.00666667;-0.00555556;0;0;0;0;0.23;0.34;-9.78
74;0.00666667;-0.0211111;0.00333333;0;0;0;0;0.25;0.3;-9.79
75;-0.01;0.00611111;-0.0233333;0;0;0;0;0.14;0.115;-9.79
76;0;0;0;0;0;0;0;0.08;0.375;-9.79
77;0;0;0;0;0;0;0;0.07;0.39;-9.77
78;0;0;0;0;0;0;0;0.07;0.39;-9.76
79;0;0;0;0;0;0;0;0.07;0.385;-9.77
80;0;0;0;0;0;0;0;0.07;0.385;-9.765
81;0;0;0;0;0;0;0;0.07;0.39;-9.76
82;0;0;0;0;0;0;0;0.07;0.39;-9.76
83;0;0;0;0;0;0;0;0.07;0.39;-9.76
84;0;0;0;0;0;0;0;0.07;0.39;-9.77
85;0;0;0;0;0;0;0;0.08;0.39;-9.79
86;0;0;0;0;0;0;0;0.07;0.395;-9.77
87;0;0;0;0;0;0;0;0.07;0.38;-9.75
88;0;0;0;0;0;0;0;0.065;0.38;-9.78
89;0;0;0;0;0;0;0;0.08;0.39;-9.78
90;0;0;0;0;0;0;0;0.07;0.39;-9.765
91;0;0;0;0;0;0;0;0.07;0.4;-9.77
92;0;0;0;0;0;0;0;0.07;0.39;-9.76
93;0;0;0;0;0;0;0;0.08;0.38;-9.78
94;0;0;0;0;0;0;0;0.07;0.38;-9.76
95;0;0;0;0;0;0;0;0.07;0.38;-9.76
96;0;0;0;0;0;0;0;0.07;0.38;-9.77
97;0;0;0;0;0;0;0;0.07;0.38;-9.78
98;0;0;0;0;0;0;0;0.075;0.38;-9.775
99;0;0;0;0;0;0;0;0.07;0.41;-9.76
100;0;0;0;0;0;0;0;0.07;0.39;-9.77
101;0;0;0;0;0;0;0;0.07;0.39;-9.78
102;0;0;0;0;0;0;0;0.07;0.39;-9.77
103;0;0;0;0;0;0;0;0.08;0.38;-9.77
104;0;0;0;0;0;0;0;0.075;0.39;-9.77
105;0;0;0;0;0;0;0;0.08;0.38;-9.78
106;0;0;0;0;0;0;0;0.07;0.39;-9.75
107;0;0;0;0;0;0;0;0.07;0.38;-9.77
108;0;0;0;0;0;0;0;0.07;0.39;-9.76
109;0;0;0;0;0;0;0;0.08;0.39;-9.775
110;0;0;0;0;0;0;0;0.065;0.38;-9.78
111;0;0;0;0;0;0;0;0.08;0.39;-9.77
112;0;0;0;0;0;0;0;0.07;0.39;-9.76
113;0;0;0;0;0;0;0;0.08;0.395;-9.77
114;0;0;0;0;0;0;0;0.07;0.39;-9.77
115;0;0;0;0;0;0;0;0.07;0.38;-9.77
116;0;0;0;0;0;0;0;0.07;0.38;-9.77
117;0;0;0;0;0;0;0;0.07;0.38;-9.78
118;0;0;0;0;0;0;0;0.08;0.39;-9.76
119;0;0;0;0;0;0;0;0.07;0.39;-9.775
120;0;0;0;0;0;0;0;0.08;0.38;-9.78
121;0;0;0;0;0;0;0;0.08;0.38;-9.775
122;0;0;0;0;0;0;0;0.07;0.38;-9.77
123;0;0;0;0;0;0;0;0.08;0.39;-9.75
124;0;0;0;0;0;0;0;0.07;0.39;-9.8
125;0;0;0;0;0;0;0;0.07;0.38;-9.79
126;0;0;0;0;0;0;0;0.07;0.4;-9.77
127;0;0;0;0;0;0;0;0.08;0.39;-9.76
128;0;0;0;0;0;0;0;0.075;0.4;-9.77
129;0;0;0;0;0;0;0;0.07;0.38;-9.78
130;0;0;0;0;0;0;0;0.07;0.375;-9.775
131;0;0;0;0;0;0;0;0.08;0.395;-9.76
132;0;0;0;0;0;0;0;0.07;0.38;-9.78
133;0;0;0;0;0;0;0;0.075;0.39;-9.76
134;0;0;0;0;0;0;0;0.07;0.39;-9.76
135;0;0;0;0;0;0;0;0.07;0.37;-9.79
136;0;0;0;0;0;0;0;0.07;0.38;-9.76
137;0;0;0;0;0;0;0;0.07;0.39;-9.78
138;0;0;0;0;0;0;0;0.08;0.395;-9.755
139;0;0;0;0;0;0;0;0.07;0.38;-9.77
140;0;0;0;0;0;0;0;0.07;0.38;-9.77
141;0;0;0;0;0;0;0;0.07;0.38;-9.78
142;0;0;0;0;0;0;0;0.07;0.38;-9.76
143;0;0;0;0;0;0;0;0.08;0.39;-9.76
144;0;0;0;0;0;0;0;0.07;0.39;-9.77
145;0;0;0;0;0;0;0;0.08;0.4;-9.77
146;0;0;0;0;0;0;0;0.07;0.39;-9.77
147;0;0;0;0;0;0;0;0.07;0.38;-9.77
148;0;0;0;0;0;0;0;0.075;0.385;-9.77
149;0;0;0;0;0;0;0;0.07;0.39;-9.76
150;0;0;0;0;0;0;0;0.08;0.39;-9.77
151;0;0;0;0;0;0;0;0.07;0.39;-9.77
152;0;0;0;0;0;0;0;0.08;0.39;-9.76
153;0;0;0;0;0;0;0;0.07;0.39;-9.765
154;0;0;0;0;0;0;0;0.07;0.385;-9.765
155;0;0;0;0;0;0;0;0.07;0.39;-9.76
156;0;0;0;0;0;0;0;0.07;0.39;-9.76
157;0;0;0;0;0;0;0;0.07;0.39;-9.76
158;0;0;0;0;0;0;0;0.07;0.375;-9.76
159;0;0;0;0;0;0;0;0.08;0.38;-9.77
160;0;0;0;0;0;0;0;0.08;0.39;-9.77
161;0;0;0;0;0;0;0;0.07;0.39;-9.78
162;0;0;0;0;0;0;0;0.08;0.39;-9.76
163;0;0;0;0;0;0;0;0.08;0.39;-9.77
164;0;0;0;0;0;0;0;0.08;0.39;-9.77
165;0;0;0;0;0;0;0;0.07;0.39;-9.77
166;0;0;0;0;0;0;0;0.07;0.38;-9.77
167;0;0;0;0;0;0;0;0.07;0.38;-9.77
168;0;0;0;0;0;0;0;0.08;0.38;-9.76
169;0;0;0;0;0;0;0;0.07;0.39;-9.77
170;0;0;0;0;0;0;0;0.07;0.39;-9.76
171;0;0;0;0;0;0;0;0.08;0.38;-9.77
172;0;0;0;0;0;0;0;0.08;0.39;-9.77
173;0;0;0;0;0;0;0;0.06;0.39;-9.805
174;0;0;0;0;0;0;0;0.07;0.38;-9.775
175;0;0;0;0;0;0;0;0.07;0.38;-9.77
176;0;0;0;0;0;0;0;0.07;0.38;-9.78
177;0;0;0;0;0;0;0;0.08;0.39;-9.81
178;0;0;0;0;0;0;0;0.07;0.39;-9.785
179;0;0;0;0;0;0;0;0.07;0.39;-9.785
180;0;0;0;0;0;0;0;0.07;0.37;-9.77
181;0;0;0;0;0;0;0;0.075;0.385;-9.77
182;0;0;0;0;0;0;0;0.08;0.385;-9.76
183;0;0;0;0;0;0;0;0.07;0.39;-9.775
184;0;0;0;0;0;0;0;0.08;0.4;-9.77
185;-0.00111111;0;0;0;0;0;0;0.07;0.37;-9.79
186;0;0;0;0;0;0;0;0.07;0.4;-9.77
187;0;0;0;0;0;0;0;0.07;0.38;-9.775
188;0;0;0;0;0;0;0;0.08;0.4;-9.76
189;0;0;0;0;0;0;0;0.07;0.39;-9.78
190;0;0;0;0;0;0;0;0.07;0.39;-9.765
191;0;0;0;0;0;0;0;0.07;0.39;-9.775
192;0;0;0;0;0;0;0;0.075;0.39;-9.76
193;0;0;0;0;0;0;0;0.08;0.38;-9.75
194;0;0;0;0;0;0;0;0.07;0.39;-9.77
195;0;0;0;0;0;0;0;0.08;0.38;-9.77
196;0;0;0;0;0;0;0;0.06;0.39;-9.765
197;0;0;0;0;0;0;0;0.075;0.39;-9.78
198;0;0;0;0;0;0;0;0.08;0.38;-9.76
199;0;0;0;0;0;0;0;0.07;0.39;-9.76
200;0;0;0;0;0;0;0;0.07;0.38;-9.77
201;0;0;0;0;0;0;0;0.065;0.38;-9.78
202;0;0;0;0;0;0;0;0.08;0.4;-9.76
203;0;0;0;0;0;0;0;0.07;0.39;-9.76
204;0;0;0;0;0;0;0;0.08;0.38;-9.78
205;0;0;0;0;0;0;0;0.08;0.39;-9.78
206;0;0;0;0;0;0;0;0.07;0.38;-9.78
207;0;0;0;0;0;0;0;0.07;0.38;-9.77
208;0;0;0;0;0;0;0;0.07;0.38;-9.765
209;0;0;0;0;0;0;0;0.07;0.38;-9.78
210;0;0;0;0;0;0;0;0.07;0.38;-9.77
211;0;0;0;0;0;0;0;0.07;0.39;-9.76
212;0;0;0;0;0;0;0;0.08;0.38;-9.77
213;0;0;0;0;0;0;0;0.08;0.4;-9.75
214;0;0;0;0;0;0;0;0.08;0.39;-9.78
215;0;0;0;0;0;0;0;0.08;0.38;-9.77
216;0;0;0;0;0;0;0;0.08;0.39;-9.76
217;0;0;0;0;0;0;0;0.08;0.39;-9.78
218;0;0;0;0;0;0;0;0.07;0.38;-9.77
219;0;0;0;0;0;0;0;0.08;0.4;-9.79
220;0;0;0;0;0;0;0;0.065;0.385;-9.775
221;0;0;0;0;0;0;0;0.065;0.39;-9.78
222;0;0;0;0;0;0;0;0.07;0.385;-9.77
223;0;0;0;0;0;0;0;0.07;0.39;-9.785
224;0;0;0;0;0;0;0;0.07;0.39;-9.77
225;0;0;0;0;0;0;0;0.07;0.395;-9.78
226;0;0;0;0;0;0;0;0.07;0.39;-9.765
227;0;0;0;0;0;0;0;0.08;0.39;-9.77
228;0;0;0;0;0;0;0;0.075;0.38;-9.78
229;0;0;0;0;0;0;0;0.08;0.385;-9.79
230;0;0;0;0;0;0;0;0.085;0.39;-9.765
231;0;0;0;0;0;0;0;0.065;0.385;-9.79
232;0;0;0;0;0;0;0;0.06;0.39;-9.77
233;0;0;0;0;0;0;0;0.08;0.385;-9.77
234;0;0;0;0;0;0;0;0.07;0.39;-9.77
235;0;0;0;0;0;0;0;0.08;0.39;-9.78
236;0;0;0;0;0;0;0;0.07;0.38;-9.78
237;0;0;0;0;0;0;0;0.07;0.38;-9.76
238;0;0;0;0;0;0;0;0.07;0.39;-9.79
239;0;0;0;0;0;0;0;0.08;0.385;-9.765
240;0;0;0;0;0;0;0;0.08;0.385;-9.755
241;0;0;0;0;0;0;0;0.07;0.4;-9.78
242;0;0;0;0;0;0;0;0.07;0.39;-9.785
243;0;0;0;0;0;0;0;0.07;0.38;-9.78
244;0;0;0;0;0;0;0;0.08;0.39;-9.77
245;0;0;0;0;0;0;0;0.07;0.39;-9.765
246;-0.000555556;0;0;0;0;0;0;0.08;0.4;-9.785
247;0;0;0;0;0;0;0;0.07;0.39;-9.78
248;0;0;0;0;0;0;0;0.08;0.41;-9.77
249;0;0;0;0;0;0;0;0.08;0.39;-9.79
250;0;0;0;0;0;0;0;0.06;0.38;-9.77
251;0;0;0;0;0;0;0;0.09;0.39;-9.77
252;0;0;0;0;0;0;0;0.08;0.38;-9.765
253;0;0;0;0;0;0;0;0.08;0.38;-9.77
254;0;0;0;0;0;0;0;0.06;0.38;-9.78
255;0;0;0;0;0;0;0;0.07;0.385;-9.785
256;0;0;0;0;0;0;0;0.07;0.39;-9.77
257;0;0;0;0;0;0;0;0.08;0.39;-9.78
258;0;0;0;0;0;0;0;0.07;0.38;-9.77
259;0;0;0;0;0;0;0;0.07;0.37;-9.77
260;0;0;0;0;0;0;0;0.08;0.39;-9.77
261;0;0;0;0;0;0;0;0.06;0.39;-9.77
262;0;0;0;0;0;0;0;0.08;0.39;-9.77
263;0;0;0;0;0;0;0;0.08;0.395;-9.76
264;0;0;0;0;0;0;0;0.07;0.39;-9.77
265;0;0;0;0;0;0;0;0.08;0.4;-9.77
266;0;0;0;0;0;0;0;0.08;0.39;-9.78
267;0;0;0;0;0;0;0;0.075;0.385;-9.78
268;0;0;0;0;0;0;0;0.07;0.38;-9.78
269;0;0;0;0;0;0;0;0.08;0.4;-9.77
270;0;0;0;0;0;0;0;0.07;0.375;-9.76
271;0;0;0;0;0;0;0;0.08;0.38;-9.78
272;0;0;0;0;0;0;0;0.08;0.39;-9.78
273;0;0;0;0;0;0;0;0.07;0.39;-9.775
274;0;0;0;0;0;0;0;0.07;0.4;-9.77
275;0;0;0;0;0;0;0;0.07;0.38;-9.77
276;0;0;0;0;0;0;0;0.08;0.39;-9.76
277;0;0;0;0;0;0;0;0.07;0.38;-9.78
278;0;0;0;0;0;0;0;0.07;0.4;-9.77
279;0;0;0;0;0;0;0;0.07;0.38;-9.76
280;0;0;0;0;0;0;0;0.07;0.385;-9.77
281;0;0;0;0;0;0;0;0.07;0.39;-9.77
282;0;0;0;0;0;0;0;0.08;0.38;-9.77
283;0;0;0;0;0;0;0;0.07;0.39;-9.77
284;0;0;0;0;0;0;0;0.08;0.39;-9.77
285;0;0;0;0;0;0;0;0.08;0.37;-9.78
286;0;0;0;0;0;0;0;0.07;0.38;-9.77
287;0;0;0;0;0;0;0;0.07;0.39;-9.78
288;0;0;0;0;0;0;0;0.08;0.37;-9.77
289;0;0;0;0;0;0;0;0.075;0.39;-9.77
290;0;0;0;0;0;0;0;0.08;0.39;-9.76
291;-0.00555556;0;0.0172222;0;0;0;0;0.08;0.445;-9.76
292;0.0233333;-0.00222222;0.00111111;0;0;0;0;0.29;0.34;-9.75
293;-0.00111111;-0.00444444;0.0133333;0;0;0;0;0.34;0.25;-9.76
294;-0.0172222;0.00555556;-0.00833333;0;0;0;0;0.36;0.52;-9.745
295;-0.04;-0.00333333;0.00555556;0;0;0;0;0.34;0.56;-9.75
296;-0.00444444;0.00444444;0;0;0;0;0;0.49;0.835;-9.705
297;0.0133333;-0.00222222;0.0188889;0;0;0;0;0.59;0.77;-9.69
298;-0.0166667;0;-0.000555556;0;0;0;0;0.64;0.85;-9.685
299;0.0255556;0.0133333;0.005;0;0;0;0;0.7;0.895;-9.72
300;-0.00666667;-0.00111111;-0.00222222;0;0;0;0;0.68;0.655;-9.715
301;0.0211111;-0.0122222;0.0111111;0;0;0;0;0.68;0.47;-9.72
302;-0.02;0.000555556;0.00222222;0;0;0;0;0.755;0.515;-9.72
303;-0.03;0.00222222;0;0;0;0;0;0.72;0.79;-9.7
304;-0.00444444;0.00444444;0.00666667;0;0;0;0;0.77;0.91;-9.72
305;-0.0422222;0.0111111;0;0;0;0;0;0.805;1.065;-9.66
306;-0.0333333;0;-0.00555556;0;0;0;0;0.66;1.29;-9.7
307;0;0;0;0;0;0;0;0.64;1.44;-9.64
308;0;0;0;0;0;0;0;0.66;1.51;-9.645
309;0;0;0;0;0;0;0;0.66;1.52;-9.65
310;0;0;0;0;0;0;0;0.66;1.51;-9.66
311;0;0;0;0;0;0;0;0.665;1.515;-9.63
312;0;0;0;0;0;0;0;0.66;1.5;-9.65
313;0;0;0;0;0;0;0;0.655;1.52;-9.63
314;0;0;0;0;0;0;0;0.67;1.5;-9.67
315;0;0;0;0;0;0;0;0.66;1.52;-9.66
316;0;0;0;0;0;0;0;0.67;1.51;-9.66
317;0;0;0;0;0;0;0;0.66;1.51;-9.645
318;0;0;0;0;0;0;0;0.67;1.52;-9.65
319;0;0;0;0;0;0;0;0.66;1.52;-9.645
320;0;0;0;0;0;0;0;0.65;1.51;-9.65
321;0;0;0;0;0;0;0;0.66;1.51;-9.66
322;0;0;0;0;0;0;0;0.65;1.5;-9.66
323;0;0;0;0;0;0;0;0.66;1.51;-9.645
324;0;0;0;0;0;0;0;0.65;1.51;-9.64
325;0;0;0;0;0;0;0;0.66;1.51;-9.66
326;0;0;0;0;0;0;0;0.66;1.51;-9.665
327;0;0;0;0;0;0;0;0.66;1.5;-9.655
328;0;0;0;0;0;0;0;0.66;1.51;-9.645
329;0;0;0;0;0;0;0;0.655;1.51;-9.645
330;0;0;0;0;0;0;0;0.665;1.515;-9.64
331;0;0;0;0;0;0;0;0.655;1.52;-9.66
332;0;0;0;0;0;0;0;0.67;1.52;-9.65
333;0;0;0;0;0;0;0;0.66;1.52;-9.645
334;0;0;0;0;0;0;0;0.66;1.515;-9.645
335;0;0;0;0;0;0;0;0.66;1.51;-9.665
336;0;0;0;0;0;0;0;0.65;1.51;-9.65
337;0;0;0;0;0;0;0;0.66;1.5;-9.66
338;0;0;0;0;0;0;0;0.66;1.52;-9.65
339;0;0;0;0;0;0;0;0.66;1.505;-9.67
340;0;0;0;0;0;0;0;0.65;1.5;-9.65
341;0;0;0;0;0;0;0;0.65;1.5;-9.65
342;0;0;0;0;0;0;0;0.655;1.52;-9.63
343;0;0;0;0;0;0;0;0.67;1.51;-9.645
344;0;0;0;0;0;0;0;0.66;1.5;-9.63
345;0;0;0;0;0;0;0;0.66;1.5;-9.65
346;0;0;0;0;0;0;0;0.66;1.5;-9.64
347;0;0;0;0;0;0;0;0.66;1.5;-9.68
348;0;0;0;0;0;0;0;0.66;1.5;-9.64
349;0;0;0;0;0;0;0;0.67;1.51;-9.645
350;0;0;0;0;0;0;0;0.66;1.52;-9.65
351;0;0;0;0;0;0;0;0.66;1.52;-9.64
352;0;0;0;0;0;0;0;0.66;1.5;-9.65
353;0;0;0;0;0;0;0;0.67;1.51;-9.64
354;0;0;0;0;0;0;0;0.66;1.51;-9.63
355;0;0;0;0;0;0;0;0.66;1.51;-9.66
356;0;0;0;0;0;0;0;0.65;1.51;-9.67
357;0;0;0;0;0;0;0;0.67;1.5;-9.63
358;0;0;0;0;0;0;0;0.655;1.5;-9.64
359;0;0;0;0;0;0;0;0.67;1.51;-9.65
360;0;0;0;0;0;0;0;0.66;1.51;-9.65
361;0;0;0;0;0;0;0;0.66;1.5;-9.65
362;0;0;0;0;0;0;0;0.65;1.5;-9.66
363;0;0;0;0;0;0;0;0.655;1.53;-9.655
364;0;0;0;0;0;0;0;0.65;1.51;-9.66
365;0;0;0;0;0;0;0;0.65;1.5;-9.675
366;0;0;0;0;0;0;0;0.66;1.51;-9.665
367;0;0;0;0;0;0;0;0.665;1.5;-9.67
368;0;0;0;0;0;0;0;0.67;1.51;-9.68
369;0;0;0;0;0;0;0;0.65;1.5;-9.65
370;0;0;0;0;0;0;0;0.665;1.5;-9.655
371;0;0;0;0;0;0;0;0.66;1.5;-9.67
372;0;0;0;0;0;0;0;0.67;1.51;-9.655
373;0;0;0;0;0;0;0;0.65;1.51;-9.65
374;0;0;0;0;0;0;0;0.65;1.505;-9.66
375;0;0;0;0;0;0;0;0.66;1.5;-9.65
376;0;0;0;0;0;0;0;0.67;1.51;-9.64
377;0;0;0;0;0;0;0;0.66;1.51;-9.65
378;0;0;0;0;0;0;0;0.66;1.5;-9.65
379;0;0;0;0;0;0;0;0.665;1.51;-9.665
380;0;-0.00222222;0;0;0;0;0;0.67;1.5;-9.64
381;0.00222222;0;0;0;0;0;0;0.67;1.54;-9.66
382;0;0;0;0;0;0;0;0.67;1.52;-9.64
383;0.00777778;0.00666667;-0.00666667;0;0;0;0;0.66;1.51;-9.67
384;0.0333333;-0.00333333;-0.00222222;0;0;0;0;0.61;1.44;-9.67
385;0.0333333;0.00777778;0.00222222;0;0;0;0;0.67;0.99;-9.71
386;0.0333333;-0.00333333;-0.00666667;0;0;0;0;0.62;0.7;-9.73
387;0.0188889;0.0111111;0;0;0;0;0;0.57;0.37;-9.72
388;0.00111111;-0.00111111;-0.00277778;0;0;0;0;0.53;0.35;-9.775
389;0.0322222;-0.0122222;0.0122222;0;0;0;0;0.6;0.31;-9.74
390;-0.0122222;0.005;-0.0138889;0;0;0;0;0.73;-0.04;-9.72
391;0.00222222;-0.0227778;-0.00111111;0;0;0;0;0.56;0.04;-9.755
392;0.0255556;-0.005;0.015;0;0;0;0;0.77;-0.19;-9.755
393;0.0155556;0.0177778;0.00111111;0;0;0;0;0.82;-0.41;-9.69
394;0.00111111;-0.0188889;0.02;0;0;0;0;0.82;-0.33;-9.73
395;0.00222222;0.000555556;0.0255556;0;0;0;0;1;-0.15;-9.68
396;-0.0577778;-0.00388889;-0.0233333;0;0;0;0;1.515;-0.585;-9.595
397;-0.0166667;0;-0.00333333;0;0;0;0;1.38;-0.26;-9.62
398;-0.0705556;0.00166667;-0.00888889;0;0;0;0;1.38;0.055;-9.7
399;-0.0222222;0.0133333;-0.0144444;0;0;0;0;1.23;0.62;-9.65
400;0;0;0;0;0;0;0;1.11;0.64;-9.69
401;0;0;0;0;0;0;0;1.12;0.68;-9.67
402;0;0;0;0;0;0;0;1.11;0.67;-9.68
403;0;0;0;0;0;0;0;1.11;0.66;-9.675
404;0;0;0;0;0;0;0;1.11;0.67;-9.675
405;0;0;0;0;0;0;0;1.11;0.65;-9.71
406;0;0;0;0;0;0;0;1.12;0.67;-9.69
407;0;0;0;0;0;0;0;1.11;0.67;-9.68
408;0;0;0;0;0;0;0;1.12;0.67;-9.69
409;0;0;0;0;0;0;0;1.12;0.67;-9.69
410;0;0;0;0;0;0;0;1.11;0.69;-9.69
411;0;0;0;0;0;0;0;1.12;0.66;-9.71
412;0;0;0;0;0;0;0;1.11;0.65;-9.68
413;0;0;0;0;0;0;0;1.11;0.67;-9.69
414;0.0238889;-0.005;0.0161111;0;0;0;0;1.215;0.585;-9.68
415;0.0777778;-0.0344444;0.00777778;0;0;0;0;1.31;0.34;-9.67
416;0.0188889;-0.00333333;-0.00277778;0;0;0;0;1.44;-0.27;-9.64
417;0.0511111;0.00222222;0.0144444;0;0;0;0;1.54;-0.61;-9.54
418;-0.0677778;-0.00888889;-0.0855556;0;0;0;0;1.45;-0.64;-9.56
419;0.00333333;-0.00277778;-0.0238889;0;0;0;0;0.82;-0.31;-9.78
420;0.0133333;0.0244444;0.00777778;0;0;0;0;0.79;-0.47;-9.73
421;-0.0366667;-0.00222222;-0.0111111;0;0;0;0;0.77;-0.18;-9.73
422;-0.0172222;0.000555556;-0.0177778;0;0;0;0;0.585;-0.04;-9.725
423;0.0133333;0.00777778;0.00944444;0;0;0;0;0.55;0.015;-9.68
424;-0.0238889;-0.0133333;-0.00333333;0;0;0;0;0.71;0.005;-9.725
425;-0.0188889;0.00611111;-0.0177778;0;0;0;0;0.55;0.28;-9.76
426;-0.0133333;-0.00333333;0.00222222;0;0;0;0;0.5;0.43;-9.77
427;-0.0488889;0.00111111;0;0;0;0;0;0.59;0.66;-9.73
428;0;0.0111111;-0.00444444;0;0;0;0;0.56;0.94;-9.74
429;-0.0361111;0.00944444;0.00777778;0;0;0;0;0.735;1.185;-9.615
430;-0.01;0.000555556;0;0;0;0;0;0.68;1.4;-9.66
431;0.0244444;-0.01;0.00666667;0;0;0;0;0.82;1.34;-9.63
432;0.0422222;0.0166667;0.00222222;0;0;0;0;0.77;1.03;-9.61
433;-0.00111111;-0.00444444;0;0;0;0;0;0.75;0.96;-9.71
434;0.0166667;0;0.00111111;0;0;0;0;0.78;0.9;-9.7
435;0.0222222;0.00888889;0.00888889;0;0;0;0;0.77;0.69;-9.65
436;0.0133333;-0.0266667;0.00166667;0;0;0;0;0.845;0.535;-9.76
437;-0.00333333;-0.00333333;-0.0188889;0;0;0;0;0.72;0.79;-9.73
438;-0.00777778;0.00222222;0.00111111;0;0;0;0;0.68;0.67;-9.72
439;-0.00888889;0.00555556;-0.00444444;0;0;0;0;0.62;0.59;-9.71
440;-0.00555556;-0.0155556;-0.00888889;0;0;0;0;0.56;0.855;-9.67
441;0.005;-0.00555556;-0.0366667;0;0;0;0;0.34;0.515;-9.74
442;-0.00666667;0.0222222;0.0188889;0;0;0;0;0.32;0.48;-9.78
443;0.0405556;-0.0111111;0;0;0;0;0;0.405;0.395;-9.81
444;0.00444444;0.00111111;0.0111111;0;0;0;0;0.47;0.14;-9.74
445;0.0166667;0;-0.0105556;0;0;0;0;0.255;0.37;-9.74
446;-0.0166667;0.0133333;-0.02;0;0;0;0;0.18;0.28;-9.74
447;-0.00555556;-0.01;0;0;0;0;0;0.09;0.42;-9.74
448;0.0144444;-0.00388889;0.0122222;0;0;0;0;0.165;0.48;-9.79
449;-0.0233333;0.00888889;-0.00833333;0;0;0;0;0.265;0.34;-9.755
450;0.00277778;0.00388889;-0.015;0;0;0;0;0.17;0.47;-9.78
451;0.00222222;-0.00777778;0;0;0;0;0;0.05;0.46;-9.78
452;0.00111111;-0.0133333;0.0166667;0;0;0;0;0.2;0.37;-9.76
453;0.0138889;0.00111111;0.0127778;0;0;0;0;0.22;0.445;-9.795
454;-0.02;-0.00222222;0.0111111;0;0;0;0;0.45;0.2;-9.73
455;-0.00222222;0.00277778;-0.0116667;0;0;0;0;0.425;0.58;-9.75
456;0;-0.00555556;-0.0133333;0;0;0;0;0.27;0.46;-9.75
457;-0.0305556;-0.0127778;0.0266667;0;0;0;0;0.25;0.645;-9.74
458;0.00444444;0.0122222;0.0116667;0;0;0;0;0.51;0.82;-9.71
459;0.00111111;-0.00444444;0.01;0;0;0;0;0.58;0.7;-9.74
460;-0.005;-0.00444444;0;0;0;0;0;0.63;0.755;-9.69
461;0.00555556;-0.00222222;0.000555556;0;0;0;0;0.655;0.72;-9.74
462;0.00666667;0.00111111;0.00666667;0;0;0;0;0.7;0.68;-9.74
463;-0.0277778;0.00222222;-0.00777778;0;0;0;0;0.69;0.72;-9.755
464;-0.0177778;-0.00222222;-0.00333333;0;0;0;0;0.67;0.89;-9.72
465;0;0;0;0;0;0;0;0.74;0.91;-9.74
466;0;0;0;0;0;0;0;0.71;0.9;-9.7
467;0;0;0;0;0;0;0;0.72;0.93;-9.71
468;0;0;0;0;0;0;0;0.71;0.93;-9.705
469;0;0;0;0;0;0;0;0.72;0.92;-9.71
470;0;0;0;0;0;0;0;0.72;0.92;-9.73
471;0;0;0;0;0;0;0;0.72;0.92;-9.71
472;0;0;0;0;0;0;0;0.72;0.92;-9.71
473;0;0;0;0;0;0;0;0.71;0.93;-9.7
474;0;0;0;0;0;0;0;0.71;0.92;-9.71
475;0;0;0;0;0;0;0;0.71;0.92;-9.71
476;0;0;0;0;0;0;0;0.72;0.91;-9.725
477;0;0;0;0;0;0;0;0.72;0.93;-9.705
478;0;0;0;0;0;0;0;0.725;0.93;-9.705
479;0;0;0;0;0;0;0;0.715;0.925;-9.71
480;0;0;0;0;0;0;0;0.71;0.93;-9.7
481;0;0;0;0;0;0;0;0.72;0.92;-9.7
482;0;0;0;0;0;0;0;0.72;0.92;-9.71
483;0;0;0;0;0;0;0;0.72;0.93;-9.7
484;0;0;0;0;0;0;0;0.71;0.9;-9.73
485;0;0;0;0;0;0;0;0.72;0.93;-9.7
486;0;0;0;0;0;0;0;0.72;0.92;-9.695
487;0;0;0;0;0;0;0;0.72;0.92;-9.71
488;0;0;0;0;0;0;0;0.71;0.92;-9.7
489;0;0;0;0;0;0;0;0.72;0.92;-9.71
490;0;0;0;0;0;0;0;0.715;0.92;-9.7
491;0;0;0;0;0;0;0;0.72;0.93;-9.69
492;0;0;0;0;0;0;0;0.72;0.92;-9.72
493;0;0;0;0;0;0;0;0.72;0.93;-9.7
494;0;0;0;0;0;0;0;0.715;0.93;-9.705
495;0;0;0;0;0;0;0;0.72;0.92;-9.72
496;0;0;0;0;0;0;0;0.71;0.93;-9.71
497;0;0;0;0;0;0;0;0.72;0.92;-9.71
498;0;0;0;0;0;0;0;0.71;0.925;-9.71
499;0;0;0;0;0;0;0;0.715;0.925;-9.71
500;0;0;0;0;0;0;0;0.71;0.915;-9.69
501;0;0;0;0;0;0;0;0.72;0.92;-9.7
502;0;0;0;0;0;0;0;0.72;0.92;-9.705
503;0;0;0;0;0;0;0;0.72;0.92;-9.73
504;0;0;0;0;0;0;0;0.71;0.92;-9.71
505;0;0;0;0;0;0;0;0.73;0.93;-9.705
506;0;0;0;0;0;0;0;0.71;0.93;-9.71
507;0;0;0;0;0;0;0;0.72;0.925;-9.71
508;0;0;0;0;0;0;0;0.72;0.92;-9.73
509;0;0;0;0;0;0;0;0.72;0.93;-9.69
510;0;0;0;0;0;0;0;0.725;0.91;-9.72
511;0;0;0;0;0;0;0;0.73;0.93;-9.7
512;0;0;0;0;0;0;0;0.72;0.92;-9.71
513;0;0;0;0;0;0;0;0.72;0.93;-9.7
514;0;0;0;0;0;0;0;0.72;0.92;-9.72
515;0;0;0;0;0;0;0;0.71;0.91;-9.71
516;0;0;0;0;0;0;0;0.72;0.92;-9.7
517;0;0;0;0;0;0;0;0.72;0.92;-9.71
518;0;0;0;0;0;0;0;0.73;0.91;-9.725
519;0;0;0;0;0;0;0;0.72;0.93;-9.71
520;0;0;0;0;0;0;0;0.72;0.93;-9.7
521;0;0;0;0;0;0;0;0.72;0.93;-9.71
522;0;0;0;0;0;0;0;0.72;0.93;-9.7
523;0;0;0;0;0;0;0;0.72;0.92;-9.71
524;0;0;0;0;0;0;0;0.72;0.92;-9.715
525;0;0;0;0;0;0;0;0.71;0.93;-9.72
526;0;0;0;0;0;0;0;0.72;0.92;-9.71
527;0;0;0;0;0;0;0;0.71;0.92;-9.7
528;0.0133333;-0.00222222;-0.00444444;0;0;0;0;0.7;1.05;-9.7
529;0.0111111;-0.0111111;0.0122222;0;0;0;0;0.74;0.79;-9.74
530;0.00777778;-0.00611111;-0.00555556;0;0;0;0;0.725;0.735;-9.735
531;-0.00444444;0.00333333;0;0;0;0;0;0.68;0.69;-9.76
532;0.00666667;0.00166667;-0.00111111;0;0;0;0;0.65;0.71;-9.74
533;0.00888889;-0.0211111;0.00111111;0;0;0;0;0.66;0.73;-9.74
534;-0.0111111;0.00333333;-0.0111111;0;0;0;0;0.51;0.59;-9.76
535;0.0211111;-0.0111111;-0.02;0;0;0;0;0.42;0.75;-9.65
536;0.0116667;0.0116667;0.015;0;0;0;0;0.32;0.425;-9.74
537;-0.0144444;-0.00444444;0.0155556;0;0;0;0;0.43;0.52;-9.73
538;0.0338889;-0.0255556;-0.0127778;0;0;0;0;0.455;0.5;-9.77
539;-0.00333333;-0.00222222;-0.00333333;0;0;0;0;0.42;0.15;-9.65
540;0.0261111;0.00333333;-0.0127778;0;0;0;0;0.08;0.395;-9.68
541;-0.0105556;0.00166667;0.00333333;0;0;0;0;0.095;0.455;-9.79
542;0;0;0.02;0;0;0;0;0.2;0.48;-9.76
543;-0.0172222;-0.0133333;0.00166667;0;0;0;0;0.33;0.38;-9.645
544;0.0216667;0.00111111;-0.0111111;0;0;0;0;0.155;0.51;-9.745
545;0.0216667;-0.00166667;-0.01;0;0;0;0;0.14;0.315;-9.78
546;0.00166667;0.00611111;0.00333333;0;0;0;0;0;0.32;-9.795
547;0.0355556;-0.00777778;0.00222222;0;0;0;0;0.01;-0.27;-9.8
548;0.0572222;-0.0116667;-0.00388889;0;0;0;0;-0.06;-0.34;-9.75
549;0.0222222;0.0288889;0.02;0;0;0;0;-0.09;-0.85;-9.74
550;-0.0205556;0.00777778;-0.00388889;0;0;0;0;-0.075;-0.69;-9.71
551;-0.00333333;0;-0.00444444;0;0;0;0;-0.08;-0.6;-9.74
552;-0.01;-0.00222222;0.00388889;0;0;0;0;-0.125;-0.62;-9.72
553;-0.0444444;-0.00444444;-0.02;0;0;0;0;-0.18;-0.27;-9.8
554;-0.0311111;-0.005;-0.0122222;0;0;0;0;-0.33;-0.08;-9.79
555;-0.00722222;-0.00777778;0.00555556;0;0;0;0;-0.395;0.01;-9.825
556;0.005;-0.00888889;0;0;0;0;0;-0.355;0.025;-9.7
557;0.05;0.00555556;0.00555556;0;0;0;0;-0.305;-0.2;-9.785
558;0.0355556;0.0122222;0.0122222;0;0;0;0;-0.2;-0.58;-9.69
559;0.0261111;-0.0166667;-0.0211111;0;0;0;0;-0.24;-0.745;-9.76
560;0.0477778;0;-0.0155556;0;0;0;0;-0.47;-1.12;-9.69
561;0.00611111;0.00555556;0.0116667;0;0;0;0;-0.485;-1.465;-9.605
562;0.00833333;-0.015;-0.00944444;0;0;0;0;-0.435;-1.44;-9.615
563;-0.00222222;0.0194444;-0.00277778;0;0;0;0;-0.585;-1.69;-9.585
564;0.00333333;-0.0155556;0.0377778;0;0;0;0;-0.63;-1.26;-7.9
565;0.0422222;0;0.00444444;0;0;0;0;-0.43;-1.56;-9.74
566;0.0361111;-0.03;0.0344444;0;0;0;0;-0.87;-1.49;-9.455
567;0;-0.00333333;0.00333333;0;0;0;0;-0.53;-1.61;-9.88
568;-0.00888889;-0.0366667;0;0;0;0;0;-0.39;-1.69;-9.82
569;0.0288889;-0.0216667;0.02;0;0;0;0;-0.29;-1.605;-9.66
570;0.0405556;-0.0372222;0.0216667;0;0;0;0;-0.435;-1.815;-9.6
571;-0.00666667;-0.0638889;-0.0122222;0;0;0;0;-0.04;-1.89;-9.555
572;-0.0411111;-0.0166667;-0.0466667;0;0;0;0;-0.56;-1.31;-9.63
573;0.101667;0.00111111;0.102222;0;0;0;0;-0.9;-1.255;-9.665
574;-0.105556;0.00666667;-0.08;0;0;0;0;-0.15;-2.16;-9.49
575;-0.0255556;0.00333333;0;0;0;0;0;-0.59;-1.54;-9.58
576;0.0127778;-0.0483333;-0.0222222;0;0;0;0;-0.535;-1.755;-9.65
577;0.0488889;-0.00333333;-0.0244444;0;0;0;0;-0.71;-2.05;-9.6
578;0.0155556;0.0144444;0;0;0;0;0;-0.99;-2.39;-9.52
579;-0.0338889;-0.103889;-0.0977778;0;0;0;0;-0.605;-2.205;-8.975
580;0.0433333;-0.0927778;-0.0311111;0;0;0;0;-1.265;-2.195;-9.63
581;0.0288889;-0.08;0.02;0;0;0;0;-1.25;-2.27;-9.45
582;0.0255556;-0.0355556;-0.0216667;0;0;0;0;-0.8;-2.38;-9.385
583;0.118889;-0.000555556;0.0227778;0;0;0;0;-0.83;-3.205;-9.11
584;0.0711111;-0.00111111;0.0472222;0;0;0;0;-0.595;-4.005;-8.925
585;0.0233333;-0.0133333;0.0211111;0;0;0;0;-0.4;-4.15;-8.82
586;0.00944444;-0.00833333;0.02;0;0;0;0;-0.145;-4.195;-8.73
587;-0.129444;-0.0944444;0.0122222;0;0;0;0;-0.045;-2.68;-9.22
588;0.0433333;-0.01;-0.0144444;0;0;0;0;0.09;-2.46;-9.45
589;-0.0272222;-0.00833333;0.00666667;0;0;0;0;0.035;-2.625;-9.24
590;-0.131111;-0.0166667;0.00388889;0;0;0;0;0.23;-1.84;-9.525
591;-0.103333;0.00777778;-0.0183333;0;0;0;0;0.195;-0.83;-9.645
592;-0.0594444;0.0661111;-0.0127778;0;0;0;0;0.025;-0.365;-9.515
593;-0.00888889;-0.0166667;0.00944444;0;0;0;0;-0.18;-0.14;-10.345
594;-0.0633333;0.0133333;0.0288889;0;0;0;0;0.12;0.37;-9.76
595;-0.0311111;0.00722222;0.0172222;0;0;0;0;0.355;0.655;-9.715
596;-0.00777778;-0.0277778;0.00333333;0;0;0;0;0.48;0.87;-9.83
597;-0.00333333;0.0144444;0;0;0;0;0;0.41;0.82;-9.75
598;-0.00833333;-0.00388889;-0.0138889;0;0;0;0;0.37;0.89;-9.735
599;0.00333333;-0.00111111;0.0133333;0;0;0;0;0.26;0.71;-9.83
600;-0.0111111;-0.00111111;0.02;0;0;0;0;0.33;0.8;-9.74
601;0.0411111;-0.0166667;-0.00888889;0;0;0;0;0.425;0.595;-9.765
602;0.0122222;0;-0.00666667;0;0;0;0;0.33;0.37;-9.76
603;0.00833333;-0.00666667;-0.00111111;0;0;0;0;0.33;0.215;-9.755
604;0.0122222;0.00777778;0;0;0;0;0;0.19;0.14;-9.79
605;0.00333333;0.00222222;0.00555556;0;0;0;0;0.24;0.02;-9.77
606;-0.00388889;0;-0.0144444;0;0;0;0;0.29;0.01;-9.8
607;0.00222222;-0.00444444;0;0;0;0;0;0.19;0;-9.9
608;0;-0.00111111;0;0;0;0;0;0.19;-0.04;-9.79
609;0.0133333;-0.00111111;-0.00555556;0;0;0;0;0.16;-0.21;-9.77
610;0.0166667;0;0.00333333;0;0;0;0;0.16;-0.39;-9.75
611;0.00333333;-0.00333333;0;0;0;0;0;0.14;-0.4;-9.79
612;0.0205556;-0.00222222;-0.00555556;0;0;0;0;0.12;-0.595;-9.78
613;-0.000555556;-0.000555556;-0.00222222;0;0;0;0;0.075;-0.67;-9.805
614;-0.00333333;-0.00111111;-0.00444444;0;0;0;0;0.08;-0.635;-9.785
615;0.0144444;0;0;0;0;0;0;0.02;-0.72;-9.76
616;-0.01;-0.000555556;0.00722222;0;0;0;0;0.105;-0.695;-9.71
617;0.00888889;-0.00777778;-0.00444444;0;0;0;0;0.04;-0.59;-9.76
618;0.00111111;0.00722222;-0.00222222;0;0;0;0;-0.025;-0.67;-9.715
619;-0.0133333;-0.0155556;-0.00333333;0;0;0;0;0.03;-0.56;-9.7
620;0.00666667;0.005;0;0;0;0;0;0.02;-0.49;-9.755
621;-0.0166667;-0.00388889;-0.00111111;0;0;0;0;-0.025;-0.465;-9.76
622;0;-0.01;-0.00166667;0;0;0;0;0.01;-0.445;-9.77
623;0.00333333;0.00666667;0.00888889;0;0;0;0;-0.02;-0.42;-9.76
624;-0.00333333;-0.000555556;0.00777778;0;0;0;0;-0.015;-0.37;-9.715
625;0;0.000555556;-0.00722222;0;0;0;0;0.05;-0.28;-9.77
626;0.00111111;0;0;0;0;0;0;0.055;-0.37;-9.785
627;0.00166667;0.00166667;-0.00277778;0;0;0;0;0.01;-0.29;-9.725
628;0.00888889;-0.00722222;-0.000555556;0;0;0;0;-0.03;-0.275;-9.79
629;0.00222222;-0.00166667;0.00722222;0;0;0;0;-0.03;-0.325;-9.76
630;0;-0.00444444;0;0;0;0;0;0.01;-0.25;-9.78
631;0.0155556;0.00222222;0.00222222;0;0;0;0;0;-0.33;-9.7
632;-0.00666667;0;0.00222222;0;0;0;0;0.07;-0.455;-9.715
633;0.00444444;-0.00444444;0.00111111;0;0;0;0;0.01;-0.36;-9.76
634;0;0.00222222;0.00222222;0;0;0;0;-0.01;-0.42;-9.79
635;0;0;0;0;0;0;0;-0.01;-0.34;-9.76
636;0;0;0;0;0;0;0;-0.01;-0.34;-9.765
637;0;0;0;0;0;0;0;-0.01;-0.35;-9.76
638;0;0;0;0;0;0;0;-0.01;-0.34;-9.75
639;0;0;0;0;0;0;0;-0.01;-0.35;-9.78
640;0;0;0;0;0;0;0;-0.01;-0.36;-9.77
641;0;0;0;0;0;0;0;-0.005;-0.35;-9.76
642;0;0;0;0;0;0;0;-0.01;-0.34;-9.755
643;0;0;0;0;0;0;0;-0.01;-0.36;-9.75
644;0;0;0;0;0;0;0;0;-0.36;-9.775
645;0;0;0;0;0;0;0;-0.01;-0.355;-9.77
646;0;0;0;0;0;0;0;-0.01;-0.34;-9.77
647;0;0;0;0;0;0;0;-0.02;-0.35;-9.75
648;0;0;0;0;0;0;0;-0.01;-0.335;-9.765
649;0;0;0;0;0;0;0;-0.01;-0.34;-9.765
650;0;0;0;0;0;0;0;-0.01;-0.36;-9.78
651;0;0;0;0;0;0;0;-0.01;-0.34;-9.76
652;0;0;0;0;0;0;0;-0.02;-0.35;-9.78
653;0;0;0;0;0;0;0;-0.02;-0.36;-9.77
654;0;0;0;0;0;0;0;-0.01;-0.36;-9.77
655;0;0;0;0;0;0;0;-0.01;-0.36;-9.78
656;0;0;0;0;0;0;0;-0.01;-0.36;-9.78
657;0;0;0;0;0;0;0;0;-0.36;-9.76
658;0;0;0;0;0;0;0;-0.01;-0.365;-9.77
659;0;0;0;0;0;0;0;-0.01;-0.35;-9.77
660;0;0;0;0;0;0;0;-0.015;-0.365;-9.77
661;0;0;0;0;0;0;0;-0.02;-0.355;-9.78
662;0;0;0;0;0;0;0;0;-0.36;-9.775
663;0;0;0;0;0;0;0;-0.01;-0.345;-9.76
664;0;0;0;0;0;0;0;-0.015;-0.375;-9.76
665;0;0;0;0;0;0;0;-0.02;-0.37;-9.77
666;0;0;0;0;0;0;0;-0.01;-0.36;-9.75
667;0;0;0;0;0;0;0;-0.01;-0.36;-9.77
668;0;0;0;0;0;0;0;-0.02;-0.34;-9.77
669;0;0;0;0;0;0;0;-0.01;-0.34;-9.75
670;0;0;0;0;0;0;0;-0.01;-0.36;-9.76
671;0;0;0;0;0;0;0;-0.01;-0.36;-9.77
672;0;0;0;0;0;0;0;-0.01;-0.36;-9.79
673;0;0;0;0;0;0;0;-0.01;-0.35;-9.77
674;0;0;0;0;0;0;0;0;-0.35;-9.77
675;0;0;0;0;0;0;0;-0.02;-0.36;-9.79
676;0;0;0;0;0;0;0;0;-0.35;-9.76
677;0;0;0;0;0;0;0;0;-0.365;-9.77
678;0;0;0;0;0;0;0;-0.01;-0.34;-9.77
679;0;0;0;0;0;0;0;0;-0.36;-9.77
680;0;0;0;0;0;0;0;-0.02;-0.37;-9.79
681;0;0;0;0;0;0;0;-0.02;-0.35;-9.775
682;0;0;0;0;0;0;0;0;-0.345;-9.76
683;0;0;0;0;0;0;0;-0.01;-0.36;-9.77
684;0;0;0;0;0;0;0;-0.02;-0.38;-9.79
685;0;0;0;0;0;0;0;-0.005;-0.355;-9.75
686;0;0;0;0;0;0;0;-0.02;-0.35;-9.765
687;0;0;0;0;0;0;0;0.005;-0.36;-9.785
688;0;0;0;0;0;0;0;-0.01;-0.38;-9.77
689;0;0;0;0;0;0;0;-0.01;-0.355;-9.76
690;0;0;0;0;0;0;0;-0.02;-0.36;-9.765
691;0;0;0;0;0;0;0;-0.01;-0.38;-9.77
692;0;0;0;0;0;0;0;-0.01;-0.38;-9.78
693;0;0;0;0;0;0;0;-0.02;-0.34;-9.77
694;0;0;0;0;0;0;0;0;-0.36;-9.755
695;0;0;0;0;0;0;0;0;-0.34;-9.75
696;0.00111111;0;0;0;0;0;0;0;-0.34;-9.775
697;0;0;0;0;0;0;0;0;-0.36;-9.78
698;0;0;0;0;0;0;0;-0.01;-0.36;-9.78
699;-0.00111111;0;0;0;0;0;0;-0.01;-0.34;-9.77
700;0;0;0;0;0;0;0;0;-0.37;-9.77
701;0;0;0;0;0;0;0;-0.015;-0.375;-9.77
702;0;0;0;0;0;0;0;-0.015;-0.365;-9.775
703;0;0;0;0;0;0;0;0;-0.355;-9.76
704;0;0;0;0;0;0;0;0;-0.36;-9.775
705;0;0;0;0;0;0;0;0;-0.34;-9.79
706;0.000555556;0;0;0;0;0;0;0;-0.355;-9.77
707;0;0;0;0;0;0;0;-0.01;-0.35;-9.77
708;0;0;0;0;0;0;0;-0.03;-0.37;-9.77
709;0;0;0;0;0;0;0;-0.01;-0.37;-9.765
710;0;0;0;0;0;0;0;-0.01;-0.36;-9.78
711;0;0;0;0;0;0;0;-0.01;-0.35;-9.77
712;0;0;0;0;0;0;0;0;-0.36;-9.77
713;0;0;0;0;0;0;0;-0.01;-0.35;-9.76
714;-0.00111111;0;0;0;0;0;0;-0.01;-0.38;-9.77
715;0;0;0;0;0;0;0;-0.015;-0.38;-9.775
716;0;0;0;0;0;0;0;-0.02;-0.365;-9.785
717;0;0;0;0;0;0;0;-0.01;-0.37;-9.77
718;0;0;0;0;0;0;0;-0.01;-0.36;-9.75
719;0;0;0;0;0;0;0;-0.02;-0.36;-9.765
720;0;0;0;0;0;0;0;-0.02;-0.38;-9.77
721;0;0;0;0;0;0;0;-0.01;-0.365;-9.77
722;0;0;0;0;0;0;0;-0.02;-0.36;-9.77
723;0;0;0;0;0;0;0;-0.01;-0.37;-9.78
724;0;0;0;0;0;0;0;0;-0.36;-9.765
725;0;0;0;0;0;0;0;-0.01;-0.36;-9.78
726;0;0;0;0;0;0;0;-0.01;-0.36;-9.77
727;0;0;0;0;0;0;0;0;-0.37;-9.78
728;0;0;0;0;0;0;0;-0.02;-0.37;-9.77
729;0;0;0;0;0;0;0;-0.01;-0.36;-9.76
730;0;0;0;0;0;0;0;-0.01;-0.36;-9.75
731;0;0;0;0;0;0;0;-0.01;-0.36;-9.77
732;0;0;0;0;0;0;0;-0.01;-0.35;-9.77
733;0;0;0;0;0;0;0;-0.02;-0.36;-9.76
734;0;0;0;0;0;0;0;-0.015;-0.37;-9.755
735;0;0;0;0;0;0;0;-0.02;-0.36;-9.765
736;0;0;0;0;0;0;0;0;-0.37;-9.76
737;0;0;0;0;0;0;0;-0.01;-0.36;-9.77
738;0;0;0;0;0;0;0;-0.01;-0.36;-9.78
739;0;0;0;0;0;0;0;-0.01;-0.37;-9.78
740;0;0;0;0;0;0;0;-0.02;-0.37;-9.775
741;0;0;0;0;0;0;0;-0.02;-0.37;-9.78
742;0;0;0;0;0;0;0;-0.01;-0.37;-9.76
743;0;0;0;0;0;0;0;-0.01;-0.365;-9.765
744;0;0;0;0;0;0;0;-0.01;-0.37;-9.75
