Time;Sequence_nr;Fluid_pressure
1471784802.479718643;68;73073
1471784802.971972664;69;73071
1471784803.465042466;70;73065
1471784803.958302432;71;73070
1471784804.454053873;72;73073
1471784804.945160937;73;73070
1471784805.440445419;74;73065
1471784805.931976599;75;73067
1471784806.425534633;76;73065
1471784806.919271623;77;73070
1471784807.412491696;78;73070
1471784807.905818143;79;73071
1471784808.399327376;80;73073
1471784808.893369353;81;73075
1471784809.879780481;82;73075
1471784810.374142906;83;73065
1471784810.866648012;84;73076
1471784811.360048691;85;73068
1471784811.853724115;86;73068
1471784812.347314370;87;73071
1471784812.841987365;88;73068
1471784813.336012737;89;73063
1471784813.827580921;90;73073
1471784814.321152542;91;73073
1471784814.816942393;92;73073
1471784815.311403419;93;73073
1471784815.802518930;94;73073
1471784816.298425813;95;73073
1471784816.788229747;96;73073
1471784817.281716105;97;73073
1471784817.778384809;98;73068
1471784818.269230102;99;73078
1471784818.762095417;100;73068
1471784819.256818839;101;73069
1471784819.749100905;102;73073
1471784820.242593416;103;73073
1471784820.737611204;104;73071
1471784821.229319809;105;73078
1471784821.722812980;106;73073
1471784822.217901885;107;73071
1471784822.709999188;108;73069
1471784823.203573060;109;73071
1471784823.697797757;110;73071
1471784824.190241384;111;73077
1471784824.683794457;112;73077
1471784825.178295187;113;73071
1471784825.671855381;114;73068
1471784845.43848221;115;73106
1471784845.660713621;116;73079
1471784846.278599717;117;73071
1471784846.894184206;118;73072
1471784847.511154428;119;73077
1471784848.127894358;120;73071
1471784848.744794700;121;73076
1471784849.363422397;122;73078
1471784849.979059994;123;73090
1471784850.597626309;124;73100
1471784851.212202991;125;73120
1471784851.830092016;126;73108
1471784852.445853305;127;73112
1471784853.64518733;128;73119
1471784853.679551730;129;73125
1471784854.298371815;130;73125
1471784854.913460056;131;73124
1471784855.531031228;132;73115
1471784856.146955830;133;73103
1471784856.763862502;134;73114
1471784857.381054461;135;73120
1471784857.997435549;136;73125
1471784858.614302669;137;73126
1471784859.231045871;138;73128
1471784859.849788968;139;73126
1471784860.464838053;140;73126
1471784861.81897160;141;73129
1471784861.698395850;142;73125
1471784862.323633585;143;73128
1471784862.964182764;144;73121
1471784863.549971426;145;73114
1471784864.167087974;146;73116
1471784864.783801813;147;73119
1471784865.401425640;148;73130
1471784866.17561229;149;73124
1471784866.634990926;150;73111
1471784867.251154633;151;73103
1471784867.869126445;152;73099
1471784868.485011313;153;73083
1471784869.101804504;154;73068
1471784869.718844522;155;73061
1471784870.335580457;156;73059
1471784870.952718177;157;73063
1471784871.569523479;158;73064
1471784872.186219571;159;73077
1471784872.804477104;160;73082
1471784873.420715235;161;73093
1471784874.42205483;162;73105
1471784874.653706108;163;73109
1471784893.278572674;164;73053
1471784893.893542502;165;73064
1471784894.510672057;166;73061
1471784895.127275448;167;73063
1471784895.744774869;168;73070
1471784896.361406461;169;73060
1471784896.977803803;170;73073
1471784897.598405852;171;73069
1471784898.211984797;172;73065
1471784898.832908754;173;73064
1471784899.445041247;174;73066
1471784900.63196390;175;73077
1471784900.678657597;176;73079
1471784901.296588944;177;73084
1471784901.912378059;178;73105
1471784902.529080160;179;73130
1471784903.145832468;180;73138
1471784903.762695355;181;73131
1471784904.379457322;182;73134
1471784905.374458;183;73131
1471784905.612984582;184;73140
1471784906.230079537;185;73143
1471784906.846649286;186;73126
1471784907.465366304;187;73087
1471784908.80421478;188;73080
1471784908.697927417;189;73077
1471784909.314212157;190;73084
1471784909.934458190;191;73134
1471784910.548572818;192;73134
1471784911.166997155;193;73122
1471784911.782638763;194;73102
1471784912.399219942;195;73080
1471784913.18478887;196;73068
1471784913.635299599;197;73055
1471784914.249995329;198;73058
1471784914.866487665;199;73048
1471784915.483873113;200;73052
1471784916.100346402;201;73048
1471784916.720558734;202;73046
1471784917.334069169;203;73041
1471784917.950629698;204;73064
1471784918.567906965;205;73078
1471784919.184512029;206;73082
1471784919.801513461;207;73086
1471784920.418696554;208;73097
1471784921.36462599;209;73111
1471784921.652128284;210;73109
1471784922.268655459;211;73095
1471784922.885232089;212;73088
1471784923.502755539;213;73099
1471784924.118919583;214;73096
1471784924.736531777;215;73098
1471784925.352558983;216;73108
1471784925.969321513;217;73137
1471784926.586910531;218;73134
1471784927.203161893;219;73141
1471784927.821918812;220;73107
1471784928.438626205;221;73080
1471784929.53787319;222;73063
1471784929.670157251;223;73066
1471784930.287010801;224;73069
1471784930.907160859;225;73075
1471784931.521821590;226;73058
1471784932.137751432;227;73048
1471784932.754451471;228;73050
1471784933.371842877;229;73041
1471784933.988199165;230;73044
1471784934.604882445;231;73040
1471784935.223135167;232;73047
1471784935.838534038;233;73048
1471784936.456177551;234;73049
1471784937.72410576;235;73047
1471784937.689081051;236;73050
1471784938.305916646;237;73047
1471784938.922784114;238;73053
1471784939.540592736;239;73056
1471784940.158434440;240;73054
1471784940.774133827;241;73058
1471784941.392096730;242;73066
1471784942.14203801;243;73064
1471784942.625329847;244;73065
1471784943.241567634;245;73067
1471784943.860647766;246;73064
1471784944.478347533;247;73071
1471784945.92063670;248;73070
1471784945.708743942;249;73062
1471784946.325694916;250;73071
1471784946.942351057;251;73075
1471784947.559856645;252;73082
1471784948.180742532;253;73085
1471784948.792936832;254;73083
1471784949.409929208;255;73096
1471784950.28267654;256;73094
1471784950.644092327;257;73111
1471784951.264992158;258;73116
1471784951.878487933;259;73080
1471784952.501356030;260;73083
1471784953.112369324;261;73089
1471784953.728835811;262;73124
1471784954.345530543;263;73142
1471784954.962402355;264;73151
1471784955.579665575;265;73145
1471784956.198588027;266;73142
1471784956.812901438;267;73147
1471784957.430013402;268;73141
1471784958.46633494;269;73147
1471784958.663973033;270;73135
1471784959.280350246;271;73131
1471784959.897420242;272;73134
1471784960.514325569;273;73130
1471784961.132479382;274;73133
1471784961.749327413;275;73134
1471784962.366476605;276;73126
1471784962.981394859;277;73128
1471784963.599498368;278;73133
1471784964.215496855;279;73130
1471784964.831994251;280;73129
1471784965.449568175;281;73126
1471784966.65868277;282;73131
1471784966.683971940;283;73128
1471784967.299818706;284;73128
1471784967.916170965;285;73121
1471784968.533460087;286;73130
1471784969.150878955;287;73130
1471784969.771310749;288;73127
1471784970.388273949;289;73123
1471784971.1594974;290;73122
1471784971.621278141;291;73134
1471784972.238005586;292;73129
1471784972.852146011;293;73124
1471784973.468900741;294;73129
1471784974.86052257;295;73127
1471784974.702832106;296;73129
1471784975.319839618;297;73128
1471784975.938557028;298;73129
1471784976.553458888;299;73121
1471784977.169890981;300;73133
1471784977.786851399;301;73129
1471784978.403961313;302;73131
1471784979.32724403;303;73124
1471784979.637634472;304;73128
1471784980.254747712;305;73126
1471784980.871027248;306;73126
1471784981.489224638;307;73133
1471784982.105456670;308;73135
1471784982.721691158;309;73133
1471784983.339761833;310;73133
1471784983.955226782;311;73133
1471784984.578141737;312;73130
1471784985.189083184;313;73128
1471784985.805644280;314;73130
1471784986.422577161;315;73131
1471784987.39974202;316;73132
1471784987.656242002;317;73126
1471784988.273302750;318;73130
1471784988.890621534;319;73129
1471784989.507368821;320;73129
1471784990.123845859;321;73133
1471784990.741800628;322;73138
1471784991.359236151;323;73137
1471784991.976798879;324;73130
1471784992.597298116;325;73113
1471784993.209750014;326;73108
1471784993.827489481;327;73119
1471784994.443863501;328;73117
1471784995.60086729;329;73132
1471784995.680104749;330;73140
1471784996.293807289;331;73131
1471784996.910535920;332;73122
1471784997.527540713;333;73117
1471784998.144991957;334;73103
1471784998.761698165;335;73104
1471784999.378724075;336;73097
1471784999.995842065;337;73096
1471785000.612100394;338;73096
1471785001.229776457;339;73087
1471785001.847540350;340;73082
1471785002.463279051;341;73076
1471785003.79584329;342;73068
1471785003.697908624;343;73069
1471785004.313325405;344;73071
1471785004.930181003;345;73068
1471785005.547642758;346;73064
1471785006.163844982;347;73069
1471785006.780997109;348;73072
1471785007.398982060;349;73072
1471785008.19102571;350;73076
1471785008.632439979;351;73100
1471785009.248320152;352;73105
1471785009.865003690;353;73118
1471785010.481900014;354;73136
1471785011.99561329;355;73129
1471785011.719837906;356;73130
1471785012.333261550;357;73118
1471785012.949142750;358;73128
1471785013.566351391;359;73136
1471785014.185574927;360;73128
1471785014.800146382;361;73124
1471785015.418903293;362;73128
1471785016.34069238;363;73129
1471785016.650254377;364;73125
1471785017.267533587;365;73125
1471785017.884890627;366;73123
1471785018.501065051;367;73125
1471785019.119125455;368;73125
1471785019.735269874;369;73128
1471785020.351532082;370;73123
1471785020.968333616;371;73126
1471785021.586403883;372;73121
1471785022.204045779;373;73121
1471785022.827126241;374;73125
1471785023.439090356;375;73129
1471785024.53689942;376;73129
1471785024.670864665;377;73125
1471785025.291832556;378;73125
1471785025.905551644;379;73123
1471785026.521106042;380;73126
1471785027.139124623;381;73126
1471785027.755558967;382;73119
1471785028.372560844;383;73119
1471785028.989626052;384;73121
1471785029.607025420;385;73128
1471785030.224073040;386;73128
1471785030.840095293;387;73118
1471785031.460948786;388;73123
1471785032.76351374;389;73128
1471785032.691185089;390;73128
1471785033.307529996;391;73126
1471785033.924495352;392;73129
1471785034.543033106;393;73127
1471785035.158169393;394;73120
1471785035.775096535;395;73122
1471785036.392019423;396;73122
1471785037.9903800;397;73124
1471785037.625699695;398;73118
1471785038.242953366;399;73112
1471785038.860747362;400;73100
1471785039.476648165;401;73107
1471785040.95035484;402;73099
1471785040.709991667;403;73105
1471785041.327118702;404;73125
1471785041.944912978;405;73128
1471785042.560710771;406;73127
1471785043.178642957;407;73123
1471785043.794382788;408;73137
1471785044.411910973;409;73133
1471785045.28319627;410;73125
1471785045.645361062;411;73115
1471785046.261941709;412;73110
1471785046.879834381;413;73107
1471785047.502103506;414;73100
1471785048.112224629;415;73106
1471785048.729539967;416;73109
1471785049.346139394;417;73123
1471785049.962980441;418;73135
1471785050.579537071;419;73114
1471785051.199210667;420;73102
1471785051.815365464;421;73068
1471785052.431370385;422;73058
1471785053.48723165;423;73042
1471785053.676418753;424;73037
1471785054.283200512;425;73035
1471785054.898890928;426;73031
1471785055.518476009;427;73028
1471785056.133572092;428;73040
1471785056.750878233;429;73034
1471785057.367081259;430;73037
1471785057.984018984;431;73034
1471785058.601457367;432;73037
1471785059.220580731;433;73029
1471785059.834812019;434;73032
1471785060.451997148;435;73029
1471785061.69341983;436;73037
1471785061.685070872;437;73034
1471785062.303008236;438;73034
1471785062.918956286;439;73035
1471785063.535794741;440;73035
1471785064.152431779;441;73041
1471785064.769696892;442;73035
1471785065.386561548;443;73029
1471785066.3980947;444;73037
1471785066.620619642;445;73039
1471785067.236665801;446;73044
1471785067.853516116;447;73041
1471785068.471522707;448;73040
1471785069.87380237;449;73048
1471785069.704181753;450;73037
1471785070.321324889;451;73045
1471785070.939707344;452;73046
1471785071.555141659;453;73044
1471785072.172764451;454;73053
1471785072.792636425;455;73044
1471785073.405231430;456;73041
1471785074.22397177;457;73046
1471785074.639002261;458;73041
1471785075.259789007;459;73045
1471785075.872594835;460;73046
1471785076.492148381;461;73041
1471785077.107154182;462;73050
1471785077.723321384;463;73054
1471785078.340586990;464;73053
1471785078.957505347;465;73061
1471785079.573696251;466;73064
1471785080.192050172;467;73058
1471785080.807440538;468;73064
1471785081.424374011;469;73057
1471785082.44782155;470;73052
1471785082.662055245;471;73059
1471785083.280624903;472;73062
1471785083.892850625;473;73057
1471785084.510029585;474;73059
1471785085.127808121;475;73056
1471785085.744062378;476;73057
1471785086.362891231;477;73062
1471785086.977891248;478;73064
1471785087.595740399;479;73063
1471785088.211415737;480;73061
1471785088.832939762;481;73069
1471785089.445294339;482;73068
1471785090.63364021;483;73082
1471785090.679972715;484;73085
1471785091.297658855;485;73077
1471785091.913756968;486;73083
1471785092.532777089;487;73080
1471785093.148182371;488;73069
1471785093.764754055;489;73071
1471785094.382035313;490;73066
1471785094.998676285;491;73063
1471785095.615701541;492;73060
1471785096.235721557;493;73067
1471785096.848549187;494;73070
1471785097.465343107;495;73065
1471785098.84496041;496;73073
1471785098.700888544;497;73083
1471785099.318073245;498;73084
1471785099.933482088;499;73073
1471785100.549494379;500;73070
1471785101.167494399;501;73082
1471785101.783572144;502;73094
1471785102.401236704;503;73119
1471785103.17093991;504;73099
1471785103.634121345;505;73079
1471785104.250762993;506;73072
1471785104.868632168;507;73072
1471785105.484872274;508;73077
1471785106.108202679;509;73087
1471785124.999845925;510;73111
1471785125.614190778;511;73102
1471785126.226872563;512;73117
1471785126.843663927;513;73110
1471785127.460030294;514;73097
1471785128.79672874;515;73115
1471785128.694030800;516;73114
1471785129.310672657;517;73096
1471785129.928107130;518;73114
1471785130.544559111;519;73116
1471785131.164822257;520;73106
1471785131.779359421;521;73116
1471785132.395287277;522;73114
1471785133.13423065;523;73116
1471785133.628796006;524;73103
1471785134.246215631;525;73084
1471785134.862499559;526;73078
1471785135.479346561;527;73108
1471785136.102037041;528;73116
1471785136.713676387;529;73106
1471785137.330145180;530;73119
1471785137.947563128;531;73110
1471785138.564455328;532;73115
1471785139.180585619;533;73113
1471785139.798085226;534;73115
1471785140.415098086;535;73108
1471785141.32390317;536;73107
1471785141.648396892;537;73107
1471785142.265952490;538;73103
1471785142.883921375;539;73109
1471785143.499767571;540;73110
1471785144.116532006;541;73100
1471785144.733909557;542;73103
1471785145.350115494;543;73112
1471785145.966915715;544;73109
1471785146.583806640;545;73111
1471785147.200796855;546;73110
1471785147.823620088;547;73109
1471785148.436378053;548;73114
1471785149.51345701;549;73117
1471785149.668695611;550;73116
1471785150.285589692;551;73110
1471785150.902124067;552;73105
1471785151.519086810;553;73108
1471785152.136560879;554;73102
1471785152.755316349;555;73118
1471785153.369907487;556;73106
1471785153.986402353;557;73107
1471785154.603342753;558;73106
1471785155.219967989;559;73111
1471785155.836863137;560;73111
1471785156.454038863;561;73109
1471785157.70740759;562;73110
1471785157.690182998;563;73113
1471785158.304583582;564;73109
1471785158.921841883;565;73107
1471785159.539685425;566;73108
1471785160.157913421;567;73113
1471785160.772096165;568;73115
1471785161.389348250;569;73106
1471785162.5720885;570;73105
1471785162.623879623;571;73114
1471785163.240461002;572;73114
1471785163.856565259;573;73111
1471785164.473426006;574;73109
1471785165.90553165;575;73106
1471785165.706673000;576;73114
1471785166.324080527;577;73105
1471785166.940461605;578;73108
1471785167.557735463;579;73108
1471785168.174118538;580;73108
1471785168.791172436;581;73115
1471785169.407911794;582;73116
1471785170.25366060;583;73118
1471785170.641685586;584;73112
1471785171.259289597;585;73114
1471785171.877218893;586;73106
1471785172.494292322;587;73116
1471785173.111196210;588;73111
1471785173.727448227;589;73116
1471785174.344206988;590;73115
1471785174.961162994;591;73111
1471785175.581886166;592;73115
1471785176.196494903;593;73093
1471785176.811547800;594;73096
1471785177.428266177;595;73105
1471785178.49641794;596;73118
1471785178.662023089;597;73115
1471785179.281445764;598;73106
1471785179.898101010;599;73115
1471785180.512860899;600;73116
1471785181.130058344;601;73116
1471785181.755450279;602;73118
1471785182.363006659;603;73116
1471785182.981319336;604;73113
1471785183.597201829;605;73112
1471785184.215835660;606;73115
1471785184.832567147;607;73126
1471785185.448863239;608;73122
1471785186.65495990;609;73117
1471785186.682364529;610;73127
1471785187.299348211;611;73120
1471785187.916570372;612;73103
1471785188.533740145;613;73090
1471785189.149958360;614;73084
1471785189.768338530;615;73090
1471785190.383814385;616;73091
1471785191.714606;617;73092
1471785191.620653468;618;73073
1471785192.234578452;619;73081
1471785192.852377880;620;73101
1471785193.470005841;621;73105
1471785194.85467198;622;73109
1471785194.702141467;623;73132
1471785195.319426229;624;73118
1471785195.937475908;625;73119
1471785196.553681673;626;73099
1471785197.170330600;627;73099
1471785197.786806395;628;73102
1471785217.261587940;629;73135
1471785217.880136003;630;73132
1471785218.498230797;631;73127
1471785219.116474826;632;73129
1471785219.728535045;633;73128
1471785220.346878126;634;73126
1471785220.964339274;635;73129
1471785221.579916763;636;73126
1471785222.196218132;637;73126
1471785222.813030021;638;73122
1471785223.429953751;639;73130
1471785224.48095337;640;73131
1471785224.663997417;641;73127
1471785225.284261919;642;73128
1471785225.899833307;643;73137
1471785226.514927425;644;73127
1471785227.132403815;645;73130
1471785227.748093181;646;73121
1471785228.364957391;647;73124
1471785229.27543504;648;73132
1471785229.599073933;649;73131
1471785230.217728608;650;73131
1471785230.833818575;651;73122
1471785231.449489780;652;73129
1471785232.66149415;653;73126
1471785232.685297419;654;73125
1471785233.300178543;655;73133
1471785233.916967954;656;73132
1471785234.536169152;657;73125
1471785235.152701696;658;73127
1471785235.768458338;659;73122
1471785236.386701158;660;73115
1471785237.2051232;661;73120
1471785237.619621954;662;73118
1471785238.237516333;663;73114
1471785238.859804036;664;73112
1471785239.469521397;665;73115
1471785240.87676025;666;73115
1471785240.704711693;667;73111
1471785241.320064610;668;73114
1471785241.936912552;669;73109
1471785242.554435135;670;73102
1471785243.171623604;671;73112
1471785243.789844402;672;73109
1471785244.404487504;673;73114
1471785245.22624869;674;73105
1471785245.640040034;675;73108
1471785246.255047639;676;73117
1471785246.871899106;677;73111
1471785247.490107328;678;73105
1471785248.105494270;679;73105
1471785248.724810588;680;73105
1471785249.339589562;681;73104
1471785249.955907896;682;73108
1471785250.573479931;683;73110
1471785251.191011404;684;73100
1471785251.806426353;685;73102
1471785252.423846375;686;73107
1471785253.41714225;687;73103
1471785253.660055166;688;73110
1471785254.273866146;689;73106
1471785254.892069155;690;73107
1471785255.508603360;691;73108
1471785256.124372395;692;73108
1471785256.741160087;693;73100
1471785257.359267585;694;73102
1471785257.979960852;695;73100
1471785258.593429753;696;73100
1471785259.208627357;697;73097
1471785259.826300673;698;73100
1471785260.442231022;699;73100
1471785261.62316942;700;73102
1471785261.677576703;701;73097
1471785262.294096897;702;73104
1471785262.911254042;703;73102
1471785263.527073559;704;73092
1471785264.145280759;705;73102
1471785283.318233984;706;73093
1471785283.934775099;707;73100
1471785284.551689055;708;73102
1471785285.168948670;709;73104
1471785285.785400768;710;73114
1471785286.402058089;711;73098
1471785287.19985846;712;73096
1471785287.636009291;713;73110
1471785288.252979661;714;73107
1471785288.869529115;715;73099
1471785289.486618421;716;73099
1471785290.105901483;717;73119
1471785290.720184689;718;73107
1471785291.338081351;719;73090
1471785291.954043975;720;73091
1471785292.570506111;721;73089
1471785293.187374949;722;73077
1471785293.804324173;723;73089
1471785294.421293989;724;73096
1471785295.37895526;725;73078
1471785295.654786944;726;73078
1471785296.271861887;727;73089
1471785296.888956137;728;73092
1471785297.506422609;729;73075
1471785298.122487689;730;73076
1471785298.739471007;731;73060
1471785299.356523425;732;73073
1471785299.973612740;733;73083
1471785300.590905974;734;73072
1471785301.209091715;735;73090
1471785301.824561472;736;73084
1471785302.441692367;737;73083
1471785303.59612267;738;73080
1471785303.677808868;739;73081
1471785304.292014574;740;73101
1471785304.909386070;741;73098
1471785305.525824840;742;73088
1471785306.142613058;743;73089
1471785306.762889304;744;73106
1471785307.384030091;745;73102
1471785307.994507642;746;73108
1471785308.611367883;747;73104
1471785309.227409518;748;73105
1471785309.843919383;749;73105
1471785310.460870717;750;73107
1471785311.78860615;751;73107
1471785311.694782567;752;73102
1471785312.311482228;753;73106
1471785312.928401159;754;73113
1471785313.545524122;755;73107
1471785314.162262667;756;73091
1471785314.782062138;757;73087
1471785315.396740036;758;73081
1471785316.12788888;759;73080
1471785316.641287498;760;73077
1471785317.249064170;761;73088
1471785317.864567740;762;73096
1471785318.484295826;763;73094
1471785319.97919316;764;73093
1471785319.713595803;765;73094
1471785320.330702569;766;73111
1471785320.948773974;767;73107
1471785321.565098571;768;73114
1471785322.180966372;769;73125
1471785322.798408782;770;73124
1471785323.414667634;771;73118
1471785324.31286602;772;73118
1471785324.648442825;773;73117
1471785325.265117039;774;73128
1471785325.881870719;775;73127
1471785326.499861734;776;73119
1471785327.115339819;777;73121
1471785327.732525179;778;73123
1471785328.349454114;779;73128
1471785328.968719000;780;73122
1471785329.583421621;781;73130
1471785330.200789043;782;73125
1471785330.818417309;783;73119
1471785331.435732806;784;73112
1471785332.51004729;785;73123
1471785332.667625903;786;73119
1471785333.287563985;787;73095
1471785333.901192379;788;73103
1471785334.517961814;789;73107
1471785335.134944818;790;73106
1471785335.751701179;791;73082
1471785336.368222073;792;73076
1471785336.985166336;793;73085
1471785337.602882028;794;73084
1471785338.219088545;795;73091
1471785338.835879923;796;73085
1471785339.452530913;797;73091
1471785340.70114836;798;73091
1471785340.686171761;799;73089
1471785341.304446458;800;73090
1471785341.920324520;801;73077
1471785342.542405585;802;73076
1471785343.154668994;803;73105
1471785343.771617308;804;73107
1471785344.388726756;805;73105
1471785345.6309575;806;73105
1471785345.621954790;807;73094
1471785346.242330058;808;73093
1471785346.856195050;809;73097
1471785347.472822029;810;73108
1471785348.89543737;811;73100
1471785348.706171596;812;73114
1471785349.327321322;813;73110
1471785349.939619601;814;73103
1471785350.566294267;815;73106
1471785351.173253406;816;73114
1471785351.793393308;817;73126
1471785352.407497248;818;73122
1471785353.23803174;819;73119
1471785353.640550099;820;73125
1471785354.257222537;821;73132
1471785354.874318998;822;73114
1471785355.491628168;823;73117
1471785356.117429754;824;73130
1471785356.724792850;825;73121
1471785357.341551013;826;73128
1471785357.960242104;827;73130
1471785358.577364239;828;73125
1471785359.193306926;829;73130
1471785359.809887181;830;73132
1471785360.427380014;831;73135
1471785361.44390179;832;73132
1471785361.661434662;833;73147
1471785362.277319821;834;73129
1471785362.894038646;835;73134
1471785363.510929679;836;73131
1471785364.129587635;837;73128
1471785364.744890155;838;73133
1471785365.361462067;839;73130
1471785365.978731482;840;73130
1471785366.596329727;841;73125
1471785367.211770985;842;73135
1471785367.828648262;843;73138
1471785368.445352489;844;73137
1471785369.63199405;845;73129
1471785369.679131065;846;73133
1471785370.297947270;847;73127
1471785370.912637735;848;73137
1471785371.530542946;849;73133
1471785372.146392634;850;73133
1471785372.763126687;851;73135
1471785373.380810116;852;73102
1471785374.37751;853;73109
1471785374.613531804;854;73088
1471785375.231357884;855;73097
1471785375.847343602;856;73109
1471785376.464356482;857;73114
1471785377.81010868;858;73105
1471785377.697778790;859;73095
1471785378.314561557;860;73104
1471785378.932647846;861;73115
1471785379.548748171;862;73112
1471785380.165240739;863;73125
1471785380.782636590;864;73102
1471785381.399515884;865;73092
1471785382.17395652;866;73084
1471785382.633618506;867;73095
1471785383.251710159;868;73082
1471785383.866492023;869;73072
1471785384.483940570;870;73077
1471785385.100702651;871;73098
1471785385.718633895;872;73095
1471785386.337926535;873;73088
1471785386.951697267;874;73095
1471785387.568232802;875;73093
1471785388.185311504;876;73084
1471785388.802032192;877;73077
1471785389.418745507;878;73080
1471785390.35694101;879;73088
1471785390.652841439;880;73074
1471785391.273381632;881;73079
1471785391.887120990;882;73112
1471785392.502937714;883;73119
1471785393.119745871;884;73116
1471785393.738849151;885;73092
1471785394.353503104;886;73076
1471785394.970024270;887;73050
1471785395.586772683;888;73050
1471785396.203601702;889;73053
1471785396.821190877;890;73044
1471785397.437456212;891;73047
1471785398.56020862;892;73040
1471785398.671290210;893;73029
1471785399.288653694;894;73028
1471785399.906354326;895;73024
1471785400.521978126;896;73018
1471785401.138394182;897;73015
1471785401.759586832;898;73007
1471785402.374712804;899;73019
1471785402.988995930;900;73028
1471785403.605754469;901;73028
1471785404.222463192;902;73027
1471785404.839457055;903;73021
1471785405.456143450;904;73021
1471785406.73162503;905;73022
1471785406.689708863;906;73024
1471785407.306597958;907;73029
1471785407.923432522;908;73037
1471785408.540579841;909;73029
1471785409.158629255;910;73035
1471785409.774455753;911;73031
1471785410.390609104;912;73031
1471785411.7681009;913;73029
1471785411.624383511;914;73031
1471785412.243399409;915;73035
1471785412.862850622;916;73034
1471785413.477143064;917;73034
1471785414.92430854;918;73031
1471785414.709192066;919;73029
1471785415.327915654;920;73028
1471785415.942870329;921;73036
1471785416.559817569;922;73034
1471785417.178446807;923;73029
1471785417.794138774;924;73028
1471785418.410920702;925;73031
1471785419.27873449;926;73035
1471785419.644657845;927;73037
1471785420.261554348;928;73029
1471785420.879126384;929;73038
1471785421.495775927;930;73039
1471785422.112736836;931;73037
1471785422.728691289;932;73039
1471785423.347122133;933;73038
1471785423.963147949;934;73041
1471785424.578932083;935;73035
1471785425.197175742;936;73045
1471785425.812489883;937;73048
1471785426.429233039;938;73043
1471785427.48678478;939;73056
1471785427.663798755;940;73056
1471785428.280743323;941;73053
1471785428.898993031;942;73061
1471785429.514688313;943;73059
1471785430.131295441;944;73070
1471785430.748360374;945;73067
1471785431.364498453;946;73060
1471785431.982827378;947;73060
1471785432.598830837;948;73063
1471785433.217884756;949;73066
1471785433.832171932;950;73065
1471785434.450049362;951;73055
1471785435.65465896;952;73048
1471785435.683217545;953;73056
1471785436.299285486;954;73049
1471785436.917974405;955;73059
1471785437.532783230;956;73062
1471785438.150312127;957;73057
1471785438.767002455;958;73064
1471785439.383367073;959;73064
1471785440.1530024;960;73062
1471785440.617876569;961;73072
1471785441.233677201;962;73072
1471785441.855198034;963;73082
1471785442.467835278;964;73086
1471785443.84456221;965;73094
1471785443.700999405;966;73111
1471785444.319349542;967;73106
1471785444.934974852;968;73121
1471785445.552895319;969;73119
1471785446.168933911;970;73135
1471785446.786746690;971;73136
1471785447.402850130;972;73122
1471785448.19400814;973;73106
1471785448.636765016;974;73101
1471785449.253654057;975;73115
1471785449.869722540;976;73128
1471785450.486884352;977;73112
1471785451.103469543;978;73106
1471785451.720410159;979;73079
1471785452.338043021;980;73077
1471785452.954348732;981;73072
1471785453.570478848;982;73071
1471785454.187511642;983;73056
1471785454.804324183;984;73056
1471785455.422038929;985;73054
1471785456.40077540;986;73059
1471785456.657440164;987;73057
1471785457.273112252;988;73056
1471785457.890052644;989;73056
1471785458.506458561;990;73056
1471785459.123881075;991;73054
1471785459.740375893;992;73058
1471785460.356910684;993;73055
1471785460.974112600;994;73052
1471785461.590497607;995;73058
1471785462.208516482;996;73055
1471785462.824292916;997;73053
1471785463.441038222;998;73050
1471785464.60195336;999;73052
1471785464.674674962;1000;73049
1471785465.292375710;1001;73043
1471785465.908389044;1002;73047
1471785466.526800120;1003;73037
1471785467.141979283;1004;73045
1471785467.759414395;1005;73037
1471785468.376078244;1006;73045
1471785468.992225682;1007;73046
1471785469.609017634;1008;73050
1471785470.226045991;1009;73046
1471785470.842719471;1010;73048
1471785471.459472292;1011;73049
1471785472.77572721;1012;73035
1471785472.692948144;1013;73040
1471785473.310699869;1014;73038
1471785473.926692804;1015;73045
1471785474.544177410;1016;73041
1471785475.160896306;1017;73041
1471785475.779031501;1018;73048
1471785476.394603295;1019;73041
1471785477.11124849;1020;73050
1471785477.628117036;1021;73050
1471785478.248777900;1022;73051
1471785478.861400820;1023;73042
1471785479.479578165;1024;73048
1471785480.96125358;1025;73056
1471785480.711797524;1026;73058
1471785481.328791164;1027;73063
1471785481.945396060;1028;73060
1471785482.563381831;1029;73062
1471785483.179505317;1030;73060
1471785483.797482575;1031;73070
1471785484.413204399;1032;73071
1471785485.34757798;1033;73072
1471785485.646157134;1034;73062
1471785486.262945780;1035;73068
1471785486.879667897;1036;73070
1471785487.496746861;1037;73073
1471785488.115057218;1038;73081
1471785488.733436080;1039;73095
1471785489.347208819;1040;73075
1471785489.966688374;1041;73077
1471785490.580582385;1042;73082
1471785491.197816102;1043;73077
1471785491.814071089;1044;73087
1471785492.432678656;1045;73087
1471785493.47254002;1046;73085
1471785493.664080495;1047;73081
1471785494.280864175;1048;73078
1471785494.899202415;1049;73072
1471785495.516601464;1050;73072
1471785496.132844919;1051;73066
1471785496.749039627;1052;73053
1471785497.367675921;1053;73043
1471785497.982575543;1054;73041
1471785498.601840290;1055;73039
1471785499.216730058;1056;73042
1471785499.838358533;1057;73034
1471785500.450440405;1058;73036
1471785501.66943263;1059;73028
1471785501.683753379;1060;73032
1471785502.301304037;1061;73034
1471785502.920988106;1062;73030
1471785503.537565795;1063;73029
1471785504.159642918;1064;73021
1471785504.768632751;1065;73030
1471785505.385666581;1066;73030
1471785506.2141376;1067;73026
1471785506.619731241;1068;73029
1471785507.237709557;1069;73031
1471785507.852615548;1070;73040
1471785508.469844280;1071;73051
1471785509.86480310;1072;73053
1471785509.703528103;1073;73054
1471785510.319572345;1074;73060
1471785510.937211775;1075;73061
1471785511.557347653;1076;73052
1471785512.169918549;1077;73061
1471785512.787744352;1078;73056
1471785513.403693155;1079;73065
1471785514.21186026;1080;73072
1471785514.642074157;1081;73080
1471785515.253768553;1082;73065
1471785515.870870823;1083;73085
1471785516.489659314;1084;73100
1471785517.104166335;1085;73113
1471785517.721242305;1086;73111
1471785518.338886601;1087;73114
1471785518.956043945;1088;73106
1471785519.571768708;1089;73099
1471785520.189869562;1090;73109
1471785520.805393188;1091;73105
1471785521.421792766;1092;73119
1471785522.38467126;1093;73116
1471785522.658620623;1094;73122
1471785523.272093749;1095;73124
1471785523.889490125;1096;73116
1471785524.505640680;1097;73116
1471785525.123609143;1098;73120
1471785525.739149879;1099;73121
1471785526.355995833;1100;73122
1471785526.973147110;1101;73121
1471785527.590327554;1102;73118
1471785528.206414910;1103;73124
1471785528.823004541;1104;73118
1471785529.440556500;1105;73124
1471785530.57955980;1106;73123
1471785530.674470395;1107;73123
1471785531.291604515;1108;73116
1471785531.908079718;1109;73095
1471785532.526597898;1110;73091
1471785533.142641537;1111;73095
1471785533.759888507;1112;73115
1471785534.380644836;1113;73099
1471785535.3173653;1114;73092
1471785535.613556727;1115;73092
1471785536.226556647;1116;73059
1471785536.843397850;1117;73042
1471785537.460456818;1118;73037
1471785538.78518295;1119;73031
1471785538.693837537;1120;73032
1471785539.310531336;1121;73037
1471785539.927349157;1122;73029
1471785540.544116648;1123;73027
1471785541.161086795;1124;73013
1471785541.778764969;1125;73008
1471785542.394603234;1126;73010
1471785543.12838880;1127;73004
1471785543.628216574;1128;72998
1471785544.244485441;1129;73013
1471785544.861572179;1130;73007
1471785545.478422378;1131;73005
1471785546.98597771;1132;73003
1471785546.711591234;1133;73010
1471785547.328671238;1134;73006
1471785547.945055162;1135;73004
1471785548.562960961;1136;73006
1471785549.179445625;1137;72998
1471785549.796373686;1138;72996
1471785550.412460781;1139;72998
1471785551.29067706;1140;73005
1471785551.651613909;1141;72996
1471785552.262473755;1142;73005
1471785552.881224277;1143;72997
1471785553.498083675;1144;73005
1471785554.113173513;1145;73002
1471785554.730462080;1146;72999
1471785555.346518800;1147;72998
1471785555.964043664;1148;72997
1471785556.581042100;1149;72999
1471785557.203003854;1150;73004
1471785557.816736163;1151;72999
1471785558.430577780;1152;73000
1471785559.46874943;1153;72997
1471785559.663703789;1154;72996
