Time;Sequence_nr;Connected;Armed;Guided;Mode
1471784811.780290150;9;1;0;0;MODE(0x40)
1471784816.676236237;10;1;0;0;MODE(0x40)
1471784821.571003398;11;1;0;0;MODE(0x40)
1471784826.467053697;12;1;0;0;MODE(0x40)
1471784852.327432598;13;1;0;0;MODE(0x40)
1471784857.224435346;14;1;0;0;MODE(0x40)
1471784862.123769612;15;1;0;0;MODE(0x40)
1471784867.10506574;16;1;0;0;MODE(0x40)
1471784871.906273000;17;1;0;0;MODE(0x40)
1471784900.559421987;18;1;0;0;MODE(0x40)
1471784905.454661255;19;1;0;0;MODE(0x40)
1471784910.349743374;20;1;0;0;MODE(0x40)
1471784915.245210132;21;1;0;0;MODE(0x40)
1471784920.144253834;22;1;0;0;MODE(0x40)
1471784925.43815846;23;1;0;0;MODE(0x40)
1471784929.932019529;24;1;0;0;MODE(0x40)
1471784934.826861300;25;1;0;0;MODE(0x40)
1471784939.722684920;26;1;0;0;MODE(0x40)
1471784944.620004889;27;1;0;0;MODE(0x40)
1471784949.512997762;28;1;0;0;MODE(0x40)
1471784954.408856600;29;1;0;0;MODE(0x40)
1471784959.304187433;30;1;0;0;MODE(0x40)
1471784964.200142379;31;1;0;0;MODE(0x40)
1471784969.96933772;32;1;0;0;MODE(0x40)
1471784973.991481556;33;1;0;0;MODE(0x40)
1471784978.887730990;34;1;0;0;MODE(0x40)
1471784983.782549522;35;1;0;0;MODE(0x40)
1471784988.678615126;36;1;0;0;MODE(0x40)
1471784993.574336279;37;1;0;0;MODE(0x40)
1471784998.469340027;38;1;0;0;MODE(0x40)
1471785003.367774998;39;1;0;0;MODE(0x40)
1471785008.261885560;40;1;0;0;MODE(0x40)
1471785013.157015164;41;1;0;0;MODE(0x40)
1471785018.49703761;42;1;0;0;MODE(0x40)
1471785022.948037105;43;1;0;0;MODE(0x40)
1471785027.843332037;44;1;0;0;MODE(0x40)
1471785032.739787013;45;1;0;0;MODE(0x40)
1471785037.644191215;46;1;0;0;MODE(0x40)
1471785042.531342654;47;1;0;0;MODE(0x40)
1471785047.426436698;48;1;0;0;MODE(0x40)
1471785052.322607752;49;1;0;0;MODE(0x40)
1471785057.217902463;50;1;0;0;MODE(0x40)
1471785062.113485820;51;1;0;0;MODE(0x40)
1471785067.16140503;52;1;0;0;MODE(0x40)
1471785071.908031035;53;1;0;0;MODE(0x40)
1471785081.698342733;54;1;0;0;MODE(0x40)
1471785086.593735730;55;1;0;0;MODE(0x40)
1471785091.488050356;56;1;0;0;MODE(0x40)
1471785096.383987120;57;1;0;0;MODE(0x40)
1471785101.278916264;58;1;0;0;MODE(0x40)
1471785106.212913904;59;1;0;0;MODE(0x40)
1471785132.275349938;60;1;0;0;MODE(0x40)
1471785137.171644467;61;1;0;0;MODE(0x40)
1471785142.67363338;62;1;0;0;MODE(0x40)
1471785146.962256639;63;1;0;0;MODE(0x40)
1471785151.858111642;64;1;0;0;MODE(0x40)
1471785156.754076443;65;1;0;0;MODE(0x40)
1471785161.651000490;66;1;0;0;MODE(0x40)
1471785166.547150597;67;1;0;0;MODE(0x40)
1471785171.442226808;68;1;0;0;MODE(0x40)
1471785176.337718733;69;1;0;0;MODE(0x40)
1471785181.233511585;70;1;0;0;MODE(0x40)
1471785186.133505751;71;1;0;0;MODE(0x40)
1471785191.24675274;72;1;0;0;MODE(0x40)
1471785195.921053911;73;1;0;0;MODE(0x40)
1471785224.543775597;74;1;0;0;MODE(0x40)
1471785229.437341722;75;1;0;0;MODE(0x40)
1471785234.336684340;76;1;0;0;MODE(0x40)
1471785239.228849859;77;1;0;0;MODE(0x40)
1471785244.125360615;78;1;0;0;MODE(0x40)
1471785249.20064499;79;1;0;0;MODE(0x40)
1471785253.918283991;80;1;0;0;MODE(0x40)
1471785258.811170786;81;1;0;0;MODE(0x40)
1471785263.707098216;82;1;0;0;MODE(0x40)
1471785290.600123872;83;1;0;0;MODE(0x40)
1471785295.502435978;84;1;0;0;MODE(0x40)
1471785300.393683977;85;1;0;0;MODE(0x40)
1471785305.287429130;86;1;0;0;MODE(0x40)
1471785310.183982261;87;1;0;0;MODE(0x40)
1471785315.80770347;88;1;0;0;MODE(0x40)
1471785319.981127311;89;1;0;0;MODE(0x40)
1471785324.870397132;90;1;0;0;MODE(0x40)
1471785329.765194517;91;1;0;0;MODE(0x40)
1471785334.662492016;92;1;0;0;MODE(0x40)
1471785339.556663572;93;1;0;0;MODE(0x40)
1471785344.448916846;94;1;0;0;MODE(0x40)
1471785349.344876360;95;1;0;0;MODE(0x40)
1471785354.241675717;96;1;0;0;MODE(0x40)
1471785359.137695827;97;1;0;0;MODE(0x40)
1471785364.33597199;98;1;0;0;MODE(0x40)
1471785368.928516650;99;1;0;0;MODE(0x40)
1471785373.821738431;100;1;0;0;MODE(0x40)
1471785378.719026254;101;1;0;0;MODE(0x40)
1471785383.612765922;102;1;0;0;MODE(0x40)
1471785388.507499883;103;1;0;0;MODE(0x40)
1471785393.402614512;104;1;0;0;MODE(0x40)
1471785398.299770312;105;1;0;0;MODE(0x40)
1471785403.193765691;106;1;0;0;MODE(0x40)
1471785408.88895249;107;1;0;0;MODE(0x40)
1471785412.986351292;108;1;0;0;MODE(0x40)
1471785417.879366093;109;1;0;0;MODE(0x40)
1471785422.776568575;110;1;0;0;MODE(0x40)
1471785427.669818717;111;1;0;0;MODE(0x40)
1471785432.565161502;112;1;0;0;MODE(0x40)
1471785437.460935893;113;1;0;0;MODE(0x40)
1471785442.357340873;114;1;0;0;MODE(0x40)
1471785447.255174362;115;1;0;0;MODE(0x40)
1471785452.146379572;116;1;0;0;MODE(0x40)
1471785457.41917637;117;1;0;0;MODE(0x40)
1471785466.832602983;118;1;0;0;MODE(0x40)
1471785471.728146448;119;1;0;0;MODE(0x40)
1471785476.623753658;120;1;0;0;MODE(0x40)
1471785481.519038661;121;1;0;0;MODE(0x40)
1471785486.412859399;122;1;0;0;MODE(0x40)
1471785491.307767219;123;1;0;0;MODE(0x40)
1471785496.205241720;124;1;0;0;MODE(0x40)
1471785501.98447430;125;1;0;0;MODE(0x40)
1471785505.993692674;126;1;0;0;MODE(0x40)
1471785510.888689021;127;1;0;0;MODE(0x40)
1471785515.783848299;128;1;0;0;MODE(0x40)
1471785520.683962825;129;1;0;0;MODE(0x40)
1471785525.573849029;130;1;0;0;MODE(0x40)
1471785530.469179276;131;1;0;0;MODE(0x40)
1471785535.364503559;132;1;0;0;MODE(0x40)
1471785540.259521009;133;1;0;0;MODE(0x40)
1471785545.154606822;134;1;0;0;MODE(0x40)
1471785550.51201297;135;1;0;0;MODE(0x40)
1471785554.944277278;136;1;0;0;MODE(0x40)
