Time;RSSI;Internal_humidity_percent;External_humidity_percent;External_temperature;External_temperature_C;UV_light;IR_light;Visual_light_Lux;Deep_UV_light;Radioactivitiy_CPM;Health_effect
0.81029;255;44.34;27.315;27315;-2.7315;0;0;0;0;0;0
10.6795;255;44.29;27.315;27315;-2.7315;0;0;0;0;0;0
38.7138;255;44.12;29.521;29511;19.9285;6.41344;39851;30739;0;65535;42085
47.9716;255;44.07;29.581;29574;19.1185;6.23328;39805;30872;0;65535;42085
57.8138;255;44.06;29.603;29593;19.2885;5.50583;33424;26560;0;65535;42085
86.3044;255;43.79;29.657;29649;18.5485;7.99868;38145;30920;0;65535;42085
96.1743;255;43.72;29.718;29711;18.3685;8.43538;41005;32775;0;65535;42085
106.443;255;43.65;29.717;29710;17.6885;7.28271;40052;31914;0;65535;42085
116.537;255;43.7;29.734;29732;18.1785;5.90859;27080;22521;0;65535;42085
126.4;255;43.71;29.714;29709;18.8685;7.50737;33341;27831;0;65535;42085
136.269;255;43.82;29.712;29709;18.9885;12.8625;45678;65535;0;65535;42085
146.767;255;43.95;29.779;29775;18.7285;10.8847;49092;65535;0;65535;42085
156.628;255;44.06;29.816;29812;18.0785;8.95186;44990;65535;0;65535;42085
166.499;255;44.17;29.837;29827;17.8985;7.99868;44994;65535;0;65535;42085
176.984;255;44.28;29.868;29866;17.7285;7.80054;40478;32380;0;65535;42085
186.858;255;44.39;29.852;29844;17.3185;7.09249;33289;27233;0;65535;42085
196.724;255;44.42;29.837;29830;17.2685;8.57179;41952;33410;0;65535;42085
206.597;255;44.45;29.856;29853;17.8885;6.08479;42188;33228;0;65535;42085
217.828;255;44.54;29.877;29870;17.7785;6.59576;40407;31645;0;65535;42085
226.952;255;44.64;29.889;29884;16.9485;6.93561;41776;32651;0;65535;42085
236.823;255;44.69;29.884;29873;16.5485;5.99642;27595;22880;0;65535;42085
247.311;255;44.65;29.815;29804;17.1685;5.33682;22291;18869;0;65535;42085
257.18;255;44.67;29.761;29747;17.5985;6.7185;26459;22287;0;65535;42085
267.512;255;44.66;29.741;29727;17.4585;7.73497;34108;28596;0;65535;42085
277.54;255;44.67;29.756;29737;17.2385;9.1975;39327;32378;0;65535;42085
287.409;255;44.65;29.778;29757;18.4785;9.73375;48256;65535;0;65535;42085
318.265;255;44.42;29.85;29841;18.5485;7.50737;43436;65535;0;65535;42085
327.892;255;44.29;29.883;29872;17.0685;5.50583;39318;30932;0;65535;42085
337.768;255;44.24;29.921;29911;18.0985;5.96708;39790;31369;0;65535;42085
348.248;255;44.17;29.948;29941;16.1585;7.15566;40656;32155;0;65535;42085
358.119;255;44.17;29.977;29971;16.2685;6.56522;41964;33225;0;65535;42085
367.989;255;44.13;29.987;29984;16.1185;7.37864;41835;33325;0;65535;42085
378.482;255;44.18;30;29994;16.0085;7.70228;41808;33639;0;65535;42085
410.289;255;44.19;30.046;30046;15.1685;6.99818;44674;65535;0;65535;42085
420.16;255;44.18;30.067;30062;15.4585;6.38326;41412;32523;0;65535;42085
430.407;255;44.12;30.071;30066;14.8285;5.56265;38670;30705;0;65535;42085
440.517;255;44.05;30.067;30057;14.8185;5.90859;37624;29804;0;65535;42085
476.346;255;43.64;30.1;30094;15.2085;5.03257;35812;28478;0;65535;42085
486.218;255;43.61;30.095;30085;15.4885;5.11483;33343;26688;0;65535;42085
496.866;255;43.68;30.088;30087;15.5985;6.47397;38298;30336;0;65535;42085
506.573;255;43.79;30.096;30094;15.7585;6.7185;41461;32509;0;65535;42085
516.443;255;43.94;30.124;30126;15.4685;7.28271;40125;31878;0;65535;42085
526.312;255;44.05;30.118;30119;15.1985;7.53971;34032;27778;0;65535;42085
536.801;255;44.15;30.123;30125;15.2685;8.26622;44575;65535;0;65535;42085
546.669;255;44.21;30.149;30156;15.0985;8.70916;46546;65535;0;65535;42085
556.539;255;44.2;30.175;30187;14.6685;9.58943;46720;65535;0;65535;42085
567.249;255;44.12;30.179;30189;14.6085;7.53971;35195;28353;0;65535;42085
576.896;255;44.05;30.173;30181;14.7885;4.36805;37349;27662;0;65535;42085
586.765;255;43.98;30.14;30139;15.0485;0.614818;12549;8698;0;65535;42085
597.251;255;43.87;30.079;30080;15.3885;3.42973;14716;12302;0;65535;42085
607.121;255;43.81;30.057;30053;16.0985;4.03731;17434;14398;0;65535;42085
616.99;255;43.81;30.047;30043;15.8885;3.88807;22511;18309;0;65535;42085
626.86;255;43.75;30.047;30039;15.9985;6.41344;28943;23130;0;65535;42085
637.346;255;43.71;30.093;30089;17.2385;5.19763;29222;23609;0;65535;42085
647.217;255;43.66;30.087;30081;17.5885;6.23328;25584;21136;0;65535;42085
657.848;255;43.67;30.068;30062;16.6185;6.29309;24455;20468;0;65535;42085
667.571;255;43.69;30.065;30058;17.4485;6.23328;30181;25104;0;65535;42085
677.441;255;43.74;30.077;30075;17.2985;7.70228;35820;29148;0;65535;42085
687.309;255;43.82;30.047;30045;16.7985;4.36805;23108;19279;0;65535;42085
697.797;255;43.95;29.989;29999;16.8085;5.19763;29862;24114;0;65535;42085
707.664;255;44.01;30.012;30023;16.8185;5.99642;38202;29634;0;65535;42085
717.537;255;44.05;30.001;30016;16.6285;4.57662;30231;24051;0;65535;42085
728.205;255;44.08;29.967;29973;16.5785;3.59608;13948;11980;0;65535;42085
737.888;255;44.12;29.92;29921;17.3285;3.4062;11916;10358;0;65535;42085
