Time;Sequence_nr;RSSI;Channels;Channels;Channels;Channels;Channels;Channels;Channels;Channels;Channels;Channels
1471784825.679453274;5;255;4429;27315;27315;0;0;0;0;0;0;0
1471784853.71382215;6;255;4412;29521;29511;2266;304;39851;30739;0;65535;42085
1471784862.971599198;7;255;4407;29581;29574;2185;298;39805;30872;0;65535;42085
1471784872.813827020;8;255;4406;29603;29593;2202;273;33424;26560;0;65535;42085
1471784901.304381331;9;255;4379;29657;29649;2128;354;38145;30920;0;65535;42085
1471784911.174270545;10;255;4372;29718;29711;2110;367;41005;32775;0;65535;42085
1471784921.44284859;11;255;4365;29717;29710;2042;332;40052;31914;0;65535;42085
1471784931.537250986;12;255;4370;29734;29732;2091;287;27080;22521;0;65535;42085
1471784941.399926197;13;255;4371;29714;29709;2160;339;33341;27831;0;65535;42085
1471784951.269397116;14;255;4382;29712;29709;2172;485;45678;65535;0;65535;42085
1471784961.766815661;15;255;4395;29779;29775;2146;435;49092;65535;0;65535;42085
1471784971.627744953;16;255;4406;29816;29812;2081;382;44990;65535;0;65535;42085
1471784981.498949126;17;255;4417;29837;29827;2063;354;44994;65535;0;65535;42085
1471784991.984158681;18;255;4428;29868;29866;2046;348;40478;32380;0;65535;42085
1471785001.858248076;19;255;4439;29852;29844;2005;326;33289;27233;0;65535;42085
1471785011.724339819;20;255;4442;29837;29830;2000;371;41952;33410;0;65535;42085
1471785021.597366023;21;255;4445;29856;29853;2062;293;42188;33228;0;65535;42085
1471785032.82833766;22;255;4454;29877;29870;2051;310;40407;31645;0;65535;42085
1471785041.952442235;23;255;4464;29889;29884;1968;321;41776;32651;0;65535;42085
1471785051.823231550;24;255;4469;29884;29873;1928;290;27595;22880;0;65535;42085
1471785062.310794739;25;255;4465;29815;29804;1990;267;22291;18869;0;65535;42085
1471785072.180351872;26;255;4467;29761;29747;2033;314;26459;22287;0;65535;42085
1471785082.51203296;27;255;4466;29741;29727;2019;346;34108;28596;0;65535;42085
1471785092.539929097;28;255;4467;29756;29737;1997;389;39327;32378;0;65535;42085
1471785102.408778916;29;255;4465;29778;29757;2121;404;48256;65535;0;65535;42085
1471785133.26533216;30;255;4442;29850;29841;2128;339;43436;65535;0;65535;42085
1471785142.891558793;31;255;4429;29883;29872;1980;273;39318;30932;0;65535;42085
1471785152.767668341;32;255;4424;29921;29911;2083;289;39790;31369;0;65535;42085
1471785163.248020503;33;255;4417;29948;29941;1889;328;40656;32155;0;65535;42085
1471785173.118867709;34;255;4417;29977;29971;1900;309;41964;33225;0;65535;42085
1471785182.988926461;35;255;4413;29987;29984;1885;335;41835;33325;0;65535;42085
1471785193.481624617;36;255;4418;30000;29994;1874;345;41808;33639;0;65535;42085
1471785225.289311721;37;255;4419;30046;30046;1790;323;44674;65535;0;65535;42085
1471785235.160457379;38;255;4418;30067;30062;1819;303;41412;32523;0;65535;42085
1471785245.40660347;39;255;4412;30071;30066;1756;275;38670;30705;0;65535;42085
1471785255.516742625;40;255;4405;30067;30057;1755;287;37624;29804;0;65535;42085
1471785291.345703910;41;255;4364;30100;30094;1794;256;35812;28478;0;65535;42085
1471785301.217711714;42;255;4361;30095;30085;1822;259;33343;26688;0;65535;42085
1471785311.86598559;43;255;4368;30088;30087;1833;306;38298;30336;0;65535;42085
1471785321.572702666;44;255;4379;30096;30094;1849;314;41461;32509;0;65535;42085
1471785331.442749909;45;255;4394;30124;30126;1820;332;40125;31878;0;65535;42085
1471785341.311897490;46;255;4405;30118;30119;1793;340;34032;27778;0;65535;42085
1471785351.800692242;47;255;4415;30123;30125;1800;362;44575;65535;0;65535;42085
1471785361.669483745;48;255;4421;30149;30156;1783;375;46546;65535;0;65535;42085
1471785371.539054331;49;255;4420;30175;30187;1740;400;46720;65535;0;65535;42085
1471785382.24907405;50;255;4412;30179;30189;1734;340;35195;28353;0;65535;42085
1471785391.895897410;51;255;4405;30173;30181;1752;231;37349;27662;0;65535;42085
1471785401.765489511;52;255;4398;30140;30139;1778;46;12549;8698;0;65535;42085
1471785412.251415202;53;255;4387;30079;30080;1812;193;14716;12302;0;65535;42085
1471785422.120731787;54;255;4381;30057;30053;1883;218;17434;14398;0;65535;42085
1471785431.990161799;55;255;4381;30047;30043;1862;212;22511;18309;0;65535;42085
1471785441.860227455;56;255;4375;30047;30039;1873;304;28943;23130;0;65535;42085
1471785452.345851737;57;255;4371;30093;30089;1997;262;29222;23609;0;65535;42085
1471785462.216822999;58;255;4366;30087;30081;2032;298;25584;21136;0;65535;42085
1471785472.84812114;59;255;4367;30068;30062;1935;300;24455;20468;0;65535;42085
1471785482.570904477;60;255;4369;30065;30058;2018;298;30181;25104;0;65535;42085
1471785492.441018738;61;255;4374;30077;30075;2003;345;35820;29148;0;65535;42085
1471785502.308962551;62;255;4382;30047;30045;1953;231;23108;19279;0;65535;42085
1471785512.797211286;63;255;4395;29989;29999;1954;262;29862;24114;0;65535;42085
1471785522.664161942;64;255;4401;30012;30023;1955;290;38202;29634;0;65535;42085
1471785532.537283977;65;255;4405;30001;30016;1936;239;30231;24051;0;65535;42085
1471785543.20482370;66;255;4408;29967;29973;1931;200;13948;11980;0;65535;42085
1471785552.888162412;67;255;4412;29920;29921;2006;192;11916;10358;0;65535;42085
