Time;Temperature
1;10
2;10
3;10
4;10
5;10
6;10
7;10
8;10
9;10
10;10
11;10
12;10
13;10
14;10
15;10
16;10
17;10
18;10
19;10
20;10
21;10
22;10
23;10
24;10
25;10
26;10
27;10
28;10
29;10
30;10
31;10
32;10
33;10
34;10
35;10
36;10
37;10
38;10
39;10
40;10
41;10
42;10
43;10
44;10
45;10
46;10
47;10
48;10
49;10
50;10
51;10
52;10
53;10
54;10
55;10
56;10
57;10
58;10
59;10
60;10
61;10
62;10
63;10
64;10
65;10
66;10
67;10
68;10
69;10
70;10
71;10
72;10
73;10
74;10
75;10
76;10
77;10
78;10
79;10
80;10
81;10
82;10
83;10
84;10
85;10
86;10
87;10
88;10
89;10
90;10
91;10
92;10
93;10
94;10
95;10
96;10
97;10
98;10
99;10
100;10
101;10
102;10
103;10
104;10
105;10
106;10
107;10
108;10
109;10
110;10
111;10
112;10
113;10
114;10
115;10
116;10
117;10
118;10
119;10
120;10
121;10
122;10
123;10
124;10
125;10
126;10
127;10
128;10
129;10
130;10
131;10
132;10
133;10
134;10
135;10
136;10
137;10
138;10
139;10
140;10
141;10
142;10
143;10
144;10
145;10
146;10
147;10
148;10
149;10
150;10
151;10
152;10
153;10
154;10
155;10
156;10
157;10
158;10
159;10
160;10
161;10
162;10
163;10
164;10
165;10
166;10
167;10
168;10
169;10
170;10
171;10
172;10
173;10
174;11
175;11
176;11
177;10
178;11
179;10
180;10
181;10
182;10
183;11
184;10
185;10
186;10
187;10
188;10
189;10
190;10
191;10
192;10
193;10
194;10
195;10
196;11
197;11
198;11
199;11
200;10
201;10
202;11
203;10
204;11
205;11
206;10
207;11
208;10
209;10
210;11
211;10
212;10
213;11
214;11
215;11
216;10
217;11
218;10
219;10
220;10
221;11
222;11
223;11
224;11
225;11
226;11
227;11
228;11
229;10
230;11
231;11
232;11
233;11
234;11
235;11
236;11
237;11
238;11
239;11
240;11
241;11
242;10
243;11
244;11
245;10
246;11
247;11
248;11
249;11
250;11
251;11
252;11
253;11
254;11
255;11
256;11
257;11
258;11
259;11
260;11
261;11
262;11
263;10
264;11
265;11
266;11
267;11
268;11
269;11
270;11
271;11
272;11
273;11
274;11
275;11
276;11
277;11
278;11
279;11
280;11
281;11
282;11
283;11
284;11
285;11
286;11
287;11
288;11
289;11
290;11
291;11
292;11
293;11
294;11
295;11
296;11
297;11
298;11
299;11
300;11
301;11
302;11
303;11
304;11
305;11
306;11
307;11
308;11
309;11
310;11
311;11
312;11
313;11
314;11
315;11
316;11
317;11
318;11
319;11
320;11
321;11
322;11
323;11
324;11
325;11
326;11
327;11
328;11
329;11
330;11
331;11
332;11
333;11
334;11
335;11
336;11
337;11
338;11
339;11
340;11
341;11
342;11
343;11
344;11
345;11
346;11
347;11
348;11
349;11
350;11
351;11
352;11
353;11
354;11
355;11
356;11
357;11
358;11
359;11
360;11
361;11
362;11
363;11
364;11
365;11
366;11
367;11
368;11
369;11
370;11
371;11
372;11
373;11
374;11
375;11
376;11
377;11
378;11
379;11
380;11
381;11
382;11
383;11
384;11
385;11
386;11
387;11
388;11
389;11
390;11
391;11
392;11
393;11
394;11
395;11
396;11
397;11
398;11
399;11
400;11
401;11
402;11
403;11
404;11
405;11
406;11
407;11
408;11
409;11
410;11
411;11
412;11
413;11
414;11
415;11
416;11
417;11
418;11
419;11
420;11
421;11
422;11
423;11
424;11
425;11
426;11
427;11
428;11
429;11
430;11
431;11
432;11
433;11
434;11
435;11
436;11
437;11
438;11
439;11
440;11
441;11
442;11
443;11
444;11
445;11
446;11
447;11
448;11
449;11
450;11
451;11
452;11
453;11
454;11
455;11
456;11
457;11
458;11
459;11
460;11
461;11
462;11
463;11
464;11
465;11
466;11
467;11
468;11
469;11
470;11
471;11
472;11
473;11
474;11
475;11
476;11
477;11
478;11
479;11
480;11
481;11
482;11
483;11
484;11
485;11
486;11
487;11
488;11
489;11
490;11
491;11
492;11
493;11
494;11
495;11
496;11
497;11
498;11
499;11
500;11
501;11
502;11
503;11
504;11
505;11
506;11
507;11
508;11
509;11
510;11
511;11
512;11
513;11
514;11
515;11
516;11
517;11
518;11
519;11
520;11
521;11
522;11
523;11
524;11
525;11
526;11
527;11
528;11
529;11
530;11
531;11
532;11
533;11
534;11
535;11
536;11
537;11
538;11
539;11
540;11
541;11
542;11
543;11
544;11
545;11
546;11
547;11
548;11
549;11
550;11
551;11
552;11
553;11
554;11
555;11
556;11
557;11
558;11
559;11
560;11
561;11
562;11
563;11
564;11
565;11
566;11
567;11
568;11
569;11
570;11
571;11
572;11
573;11
574;11
575;11
576;11
577;11
578;11
579;11
580;11
581;11
582;11
583;11
584;11
585;11
586;11
587;11
588;11
589;11
590;11
591;11
592;11
593;11
594;11
595;11
596;11
597;11
598;11
599;11
600;11
601;11
602;11
603;11
604;11
605;11
606;11
607;11
608;11
609;11
610;11
611;11
612;11
613;11
614;11
615;11
616;11
617;11
618;11
619;11
620;11
621;11
622;11
623;11
624;11
625;11
626;11
627;11
628;11
629;11
630;11
631;11
632;11
633;11
634;11
635;11
636;11
637;11
638;11
639;11
640;11
641;11
642;11
643;11
644;11
645;11
646;11
647;11
648;11
649;11
650;11
651;11
652;11
653;11
654;11
655;11
656;11
657;11
658;11
659;11
660;11
661;11
662;11
663;11
664;11
665;11
666;11
667;11
668;11
669;11
670;11
671;11
672;11
673;11
674;11
675;11
676;11
677;11
678;11
679;11
680;11
681;11
682;11
683;11
684;11
685;11
686;11
687;11
688;11
689;11
690;11
691;11
692;11
693;11
694;11
695;11
696;11
697;11
698;11
699;11
700;12
701;11
702;11
703;11
704;11
705;11
706;11
707;12
708;11
709;12
710;11
711;11
712;12
713;12
714;11
715;11
716;12
717;11
718;11
719;11
720;12
721;12
722;12
723;12
724;11
725;12
726;12
727;12
728;12
729;12
730;11
731;12
732;12
733;11
734;11
735;11
736;12
737;12
738;12
739;12
740;12
741;12
742;12
743;12
744;12
