Time;Current_in_Ampere;Current_out_Ampere;Solar_voltage_Volt;Est_solar_power_Watt
1;0.002004;-0.0257;0.007891;8.97124e-06
31;0.002004;-0.0259;0.007917;8.96233e-06
61;0.002003;-0.0268;0.007963;8.94006e-06
91;0.001585;-0.0296;0.007095;6.98457e-06
120;0.001305;-0.0303;0.007095;5.71155e-06
150;0.000714;-0.0293;0.007095;3.09083e-06
180;0.001207;-0.0449;0.007093;5.11366e-06
210;0.000809;-0.043;0.007093;3.40679e-06
240;0.001746;-0.0257;0.007095;7.73672e-06
270;0.002004;-0.0226;0.008028;8.98015e-06
301;0.002003;-0.0241;0.008012;8.95119e-06
330;0.002003;-0.0214;0.008026;9.00015e-06
370;0.002005;-0.0229;0.007861;8.98463e-06
400;0.001927;-0.0236;0.007105;8.60513e-06
430;0.001757;-0.0288;0.007091;7.74642e-06
460;0.001654;-0.0255;0.007093;7.32354e-06
490;0.001458;-0.0206;0.007093;6.48972e-06
520;0.00177;-0.029;0.007089;7.80177e-06
549;0.001344;-0.0228;0.007095;5.94197e-06
579;0.001338;-0.0286;0.007093;5.84855e-06
609;0.001378;-0.0262;0.007093;6.05248e-06
639;0.000942;-0.02;0.007093;4.15317e-06
669;0.001047;-0.0258;0.007095;4.5719e-06
699;0.000436;-0.0476;0.007097;1.80698e-06
730;0.001096;-0.0233;0.007093;4.80413e-06
759;0.001494;-0.0263;0.007093;6.55866e-06
789;0.000855;-0.0275;0.007093;3.7012e-06
819;0.001181;-0.0272;0.007093;5.14129e-06
849;0.000434;-0.0446;0.007095;1.79917e-06
879;0.001024;-0.025;0.007093;4.45895e-06
909;0.001079;-0.0264;0.007093;4.69005e-06
939;0.000989;-0.0293;0.007093;4.26699e-06
969;0.001119;-0.0361;0.007095;4.77689e-06
998;0.001019;-0.0274;0.007095;4.40887e-06
1028;0.000984;-0.026;0.007095;4.26509e-06
1058;0.000806;-0.0265;0.007093;3.47565e-06
1088;0.000925;-0.0319;0.007095;3.95489e-06
1118;0.001434;-0.0239;0.007093;6.2857e-06
1148;0.001029;-0.0278;0.007093;4.44185e-06
1178;0.001293;-0.0222;0.007093;5.66334e-06
1208;0.001453;-0.0292;0.007093;6.29633e-06
1238;0.001232;-0.0268;0.007093;5.33867e-06
1268;0.000633;-0.0224;0.007095;2.73526e-06
1298;0.001217;-0.0299;0.007093;5.23986e-06
