Sequence_nr;Angular_velocity_x;Angular_velocity_y;Angular_velocity_z;Orientation_x;Orientation_y;Orientation_z;Orientation_w;Linear_acceleration_x;Linear_acceleration_y;Linear_acceleration_z
3766;0;0.00333333;-0.00111111;0;0;0;0;0.09;0.36;-9.74
3767;0;0.00111111;0.00111111;0;0;0;0;0.11;0.4;-9.85
3768;0;0;0;0;0;0;0;0.06;0.38;-9.73
3769;0.00111111;0;0;0;0;0;0;0.06;0.37;-9.74
3770;0;0;0;0;0;0;0;0.08;0.39;-9.8
3771;0;0;0;0;0;0;0;0.07;0.37;-9.76
3772;0;0;0;0;0;0;0;0.05;0.37;-9.8
3773;0;0;0;0;0;0;0;0.07;0.37;-9.86
3774;0;0;0.00111111;0;0;0;0;0.09;0.37;-9.75
3775;0;0;0;0;0;0;0;0.05;0.39;-9.76
3776;0;0;0;0;0;0;0;0.08;0.41;-9.78
3777;-0.00222222;0;0;0;0;0;0;0.07;0.35;-9.75
3778;-0.00111111;0;0;0;0;0;0;0.08;0.37;-9.78
3779;0;0;-0.00111111;0;0;0;0;0.03;0.33;-9.82
3780;-0.00444444;0;0.00222222;0;0;0;0;0.09;0.38;-9.74
3781;0;0;0;0;0;0;0;0.09;0.41;-9.79
3782;0;0;0;0;0;0;0;0.06;0.37;-9.84
3783;0;0;0;0;0;0;0;0.08;0.37;-9.7
3784;0;0;0;0;0;0;0;0.09;0.37;-9.79
3785;0;0;0.00111111;0;0;0;0;0.11;0.41;-9.75
3786;0;0;0;0;0;0;0;0.06;0.41;-9.72
3787;-0.00222222;0;0;0;0;0;0;0.1;0.4;-9.83
3788;-0.00111111;0;0;0;0;0;0;0.07;0.38;-9.8
3789;-0.00111111;0;0;0;0;0;0;0.06;0.37;-9.71
3790;0;0;0.00222222;0;0;0;0;0.08;0.34;-9.84
3791;-0.00111111;0;-0.00222222;0;0;0;0;0.08;0.34;-9.76
3792;0;0;0;0;0;0;0;0.07;0.43;-9.79
3793;0;0;0;0;0;0;0;0.12;0.4;-9.75
3794;0;0.00444444;0;0;0;0;0;0.1;0.39;-9.82
3795;0;0.00111111;-0.00222222;0;0;0;0;0.09;0.38;-9.72
3796;0;0.00222222;0;0;0;0;0;0.07;0.43;-9.75
3797;0;0;-0.00222222;0;0;0;0;0.07;0.4;-9.74
3798;0;0;0;0;0;0;0;0.07;0.4;-9.84
3799;0.00111111;0.00111111;0.00222222;0;0;0;0;0.07;0.39;-9.76
3800;-0.00111111;0;0;0;0;0;0;0.08;0.44;-9.73
3801;0;0.00222222;0;0;0;0;0;0.06;0.38;-9.79
3802;0;0.00111111;0;0;0;0;0;0.07;0.41;-9.74
3803;0;0;0;0;0;0;0;0.05;0.41;-9.82
3804;0;0.00111111;0;0;0;0;0;0.07;0.38;-9.75
3805;-0.00222222;0;0.00333333;0;0;0;0;0.04;0.42;-9.72
3806;0;0;0;0;0;0;0;0.08;0.4;-9.76
3807;0;-0.00222222;0.00111111;0;0;0;0;0.09;0.38;-9.77
3808;0;0;0;0;0;0;0;0.07;0.37;-9.74
3809;0;0;0;0;0;0;0;0.13;0.41;-9.77
3810;0;0.00111111;0;0;0;0;0;0.06;0.38;-9.74
3811;0.00111111;0;0.00111111;0;0;0;0;0.08;0.37;-9.77
3812;-0.00111111;0;0;0;0;0;0;0.03;0.35;-9.77
3813;0;0;0;0;0;0;0;0.05;0.39;-9.73
3814;0;0;0;0;0;0;0;0.07;0.41;-9.79
3815;0.00111111;0;0.00111111;0;0;0;0;0.05;0.37;-9.76
3816;0;0;0.00111111;0;0;0;0;0.09;0.39;-9.75
3817;0;0;0;0;0;0;0;0.11;0.37;-9.79
3818;0;0;0.00111111;0;0;0;0;0.05;0.37;-9.73
3819;0;-0.00111111;-0.00111111;0;0;0;0;0.12;0.4;-9.81
3820;0;0;0.00111111;0;0;0;0;0.07;0.36;-9.76
3821;0;0;0;0;0;0;0;0.06;0.41;-9.74
3822;0;0;0.00111111;0;0;0;0;0.05;0.39;-9.73
3823;0;0;0;0;0;0;0;0.03;0.37;-9.7
3824;0;0;0.00111111;0;0;0;0;0.09;0.39;-9.73
3825;0;0;0.00111111;0;0;0;0;0.08;0.41;-9.76
3826;0;0;-0.00222222;0;0;0;0;0.09;0.41;-9.79
3827;0;0.00111111;-0.00111111;0;0;0;0;0.09;0.37;-9.75
3828;0.00111111;0.00111111;0;0;0;0;0;0.08;0.4;-9.83
3829;0.00111111;0;0;0;0;0;0;0.07;0.37;-9.73
3830;0;0;0;0;0;0;0;0.07;0.38;-9.78
3831;0;0;0;0;0;0;0;0.06;0.42;-9.76
3832;0;0;0;0;0;0;0;0.06;0.42;-9.81
3833;0;0;0;0;0;0;0;0.12;0.41;-9.77
3834;0;0;0;0;0;0;0;0.07;0.4;-9.85
3835;0;0.00111111;0;0;0;0;0;0.07;0.37;-9.76
3836;0;0;0;0;0;0;0;0.06;0.41;-9.83
3837;-0.00222222;0;0;0;0;0;0;0.09;0.32;-9.78
3838;0;0;0;0;0;0;0;0.07;0.39;-9.76
3839;0;0;0;0;0;0;0;0.06;0.35;-9.79
3840;0;0;0;0;0;0;0;0.09;0.37;-9.8
3841;0;0;0.00111111;0;0;0;0;0.08;0.4;-9.74
3842;0;0;0;0;0;0;0;0.06;0.39;-9.82
3843;0;0.00111111;0;0;0;0;0;0.09;0.43;-9.71
3844;0;0.00111111;-0.00222222;0;0;0;0;0.11;0.42;-9.73
3845;0;0;0.00111111;0;0;0;0;0.1;0.35;-9.84
3846;0.00111111;0;-0.00111111;0;0;0;0;0.12;0.36;-9.82
3847;0;0;-0.00111111;0;0;0;0;0.09;0.38;-9.74
3848;-0.00111111;0;0;0;0;0;0;0.05;0.38;-9.81
3849;0;0;0;0;0;0;0;0.06;0.39;-9.73
3850;0;0;0;0;0;0;0;0.09;0.41;-9.85
3851;0;0.00111111;0.00111111;0;0;0;0;0.08;0.43;-9.77
3852;0;0;0;0;0;0;0;0.06;0.37;-9.71
3853;0;0;0;0;0;0;0;0.12;0.4;-9.79
3854;0;0;0.00222222;0;0;0;0;0.04;0.38;-9.8
3855;0;0;0;0;0;0;0;0.08;0.36;-9.79
3856;0;0;0;0;0;0;0;0.06;0.4;-9.74
3857;0;0;0;0;0;0;0;0.06;0.42;-9.77
3858;0;0;-0.00111111;0;0;0;0;0.07;0.39;-9.75
3859;0;0;0;0;0;0;0;0.07;0.37;-9.79
3860;0;0;0;0;0;0;0;0.06;0.37;-9.86
3861;0.00111111;0;0.00111111;0;0;0;0;0.06;0.38;-9.69
3862;0;0;0;0;0;0;0;0.06;0.37;-9.79
3863;0;-0.00111111;0;0;0;0;0;0.06;0.42;-9.83
3864;0;0;0.00111111;0;0;0;0;0.06;0.38;-9.76
3865;0;-0.00444444;0;0;0;0;0;0.12;0.47;-9.7
3866;-0.00111111;0;0.00111111;0;0;0;0;0.04;0.37;-9.8
3867;0;0.00111111;0;0;0;0;0;0.05;0.35;-9.78
3868;0.00111111;0;-0.00111111;0;0;0;0;0.03;0.36;-9.71
3869;0;0;-0.00111111;0;0;0;0;0.06;0.37;-9.78
3870;0;0;0;0;0;0;0;0.1;0.4;-9.75
3871;0;0;0.00222222;0;0;0;0;0.06;0.39;-9.8
3872;-0.00111111;0;0;0;0;0;0;0.07;0.37;-9.76
3873;0;0;0;0;0;0;0;0.12;0.42;-9.8
3874;0;0;0;0;0;0;0;0.11;0.41;-9.78
3875;0.00333333;0;0;0;0;0;0;0.05;0.39;-9.72
3876;0;0;-0.00222222;0;0;0;0;0.12;0.38;-9.8
3877;0;0;0;0;0;0;0;0.08;0.37;-9.76
3878;0;-0.00111111;0;0;0;0;0;0.08;0.37;-9.85
3879;0;-0.00333333;0.00111111;0;0;0;0;0.06;0.39;-9.78
3880;-0.00111111;0;0.00111111;0;0;0;0;0.08;0.42;-9.76
3881;0;0;0;0;0;0;0;0.1;0.34;-9.77
3882;-0.00111111;-0.00111111;0.00222222;0;0;0;0;0.14;0.37;-9.78
3883;0;0.00222222;-0.00333333;0;0;0;0;0.06;0.38;-9.75
3884;0;0;0;0;0;0;0;0.12;0.41;-9.83
3885;0;-0.00111111;0;0;0;0;0;0.08;0.41;-9.75
3886;-0.00111111;-0.00111111;-0.00111111;0;0;0;0;0.08;0.41;-9.79
3887;0;-0.00222222;0;0;0;0;0;0.09;0.4;-9.75
3888;0;0;0;0;0;0;0;0.06;0.29;-9.77
3889;0;0;0;0;0;0;0;0.12;0.42;-9.72
3890;0;0.00111111;0;0;0;0;0;0.05;0.39;-9.84
3891;0.00111111;0;0;0;0;0;0;0.08;0.4;-9.76
3892;0;0;0;0;0;0;0;0.07;0.41;-9.79
3893;0.00222222;0;0;0;0;0;0;0.07;0.39;-9.73
3894;0;0;0;0;0;0;0;0.11;0.36;-9.78
3895;0.00111111;0;-0.00222222;0;0;0;0;0.07;0.41;-9.72
3896;0;0;-0.00111111;0;0;0;0;0.04;0.34;-9.77
3897;0.00444444;0;-0.00111111;0;0;0;0;0.06;0.44;-9.83
3898;-0.00222222;-0.00222222;0.00111111;0;0;0;0;0.08;0.44;-9.73
3899;0.00222222;0.00111111;0;0;0;0;0;0.08;0.38;-9.85
3900;0;0;0;0;0;0;0;0.08;0.43;-9.76
3901;-0.00111111;0;0;0;0;0;0;0.12;0.37;-9.79
3902;0.00111111;0;0;0;0;0;0;0.09;0.39;-9.75
3903;0;0;-0.00111111;0;0;0;0;0.07;0.39;-9.86
3904;-0.00111111;0;0;0;0;0;0;0.08;0.39;-9.73
3905;0.00111111;0;0;0;0;0;0;0.05;0.37;-9.78
3906;-0.00222222;0.00111111;0;0;0;0;0;0.08;0.44;-9.8
3907;0;0.00111111;0;0;0;0;0;0.07;0.33;-9.75
3908;0.00222222;0;0;0;0;0;0;0.07;0.44;-9.85
3909;0;0;0;0;0;0;0;0.11;0.35;-9.73
3910;0;0;0;0;0;0;0;0.06;0.41;-9.79
3911;0;0;0;0;0;0;0;0.1;0.39;-9.75
3912;0.00111111;0;0;0;0;0;0;0.08;0.39;-9.79
3913;0;0;0.00111111;0;0;0;0;0.07;0.37;-9.75
3914;0;-0.00222222;0.00111111;0;0;0;0;0.06;0.41;-9.75
3915;0;0;-0.00111111;0;0;0;0;0.09;0.31;-9.88
3916;0;0;0;0;0;0;0;0.11;0.36;-9.86
3917;0.00111111;0;0;0;0;0;0;0.07;0.37;-9.86
3918;0.00111111;0;0;0;0;0;0;0.06;0.42;-9.72
3919;0;0;0;0;0;0;0;0.08;0.39;-9.73
3920;0.00222222;0;0;0;0;0;0;0.07;0.36;-9.8
3921;0;0;0;0;0;0;0;0.08;0.4;-9.68
3922;0;0;0;0;0;0;0;0.07;0.41;-9.83
3923;-0.00111111;-0.00333333;-0.00111111;0;0;0;0;0.02;0.32;-9.8
3924;0;0;0.00222222;0;0;0;0;0.05;0.38;-9.87
3925;0;0;0;0;0;0;0;0.06;0.33;-9.81
3926;0;0;0;0;0;0;0;0.08;0.4;-9.79
3927;0;-0.00222222;0;0;0;0;0;0.08;0.4;-9.75
3928;0;0.00222222;0;0;0;0;0;0.05;0.34;-9.8
3929;-0.00111111;0;0;0;0;0;0;0.07;0.47;-9.73
3930;0;0;0;0;0;0;0;0.09;0.37;-9.84
3931;0;0;-0.00222222;0;0;0;0;0.04;0.43;-9.76
3932;0;0;0;0;0;0;0;0.1;0.36;-9.75
3933;0;0.00111111;0;0;0;0;0;0.06;0.41;-9.7
3934;0;0.00111111;-0.00111111;0;0;0;0;0.06;0.45;-9.74
3935;0;0;0;0;0;0;0;0.03;0.36;-9.78
3936;0.00111111;0;0;0;0;0;0;0.11;0.38;-9.7
3937;0;-0.00111111;0;0;0;0;0;0.07;0.41;-9.72
3938;0.00111111;0.00222222;0;0;0;0;0;0.06;0.38;-9.76
3939;0;0;0;0;0;0;0;0.08;0.35;-9.79
3940;-0.00111111;-0.00111111;0;0;0;0;0;0.05;0.35;-9.76
3941;-0.00111111;0.00111111;-0.00111111;0;0;0;0;0.07;0.39;-9.78
3942;0;0;0;0;0;0;0;0.07;0.41;-9.81
3943;0.00222222;0.00444444;0;0;0;0;0;0.06;0.4;-9.74
3944;0;0;0;0;0;0;0;0.09;0.35;-9.75
3945;-0.00111111;0;0;0;0;0;0;0.03;0.43;-9.86
3946;0;0.00222222;0;0;0;0;0;0.07;0.41;-9.73
3947;0;0.00111111;0;0;0;0;0;0.17;0.36;-9.78
3948;0.00111111;0;0;0;0;0;0;0.07;0.4;-9.79
3949;0;0.00222222;0;0;0;0;0;0.09;0.46;-9.77
3950;0.00111111;0;0;0;0;0;0;0.06;0.35;-9.8
3951;0;0;0;0;0;0;0;0.1;0.4;-9.75
3952;0;0;-0.00111111;0;0;0;0;0.09;0.4;-9.73
3953;0.00222222;0;0;0;0;0;0;0.1;0.38;-9.74
3954;-0.00333333;-0.00111111;0;0;0;0;0;0.08;0.33;-9.84
3955;0;0;0;0;0;0;0;0.04;0.37;-9.76
3956;0.00111111;0;-0.00111111;0;0;0;0;0.08;0.37;-9.74
3957;-0.00111111;-0.00111111;0.00333333;0;0;0;0;0.05;0.37;-9.74
3958;0.00111111;0;0;0;0;0;0;0.1;0.37;-9.85
3959;0;0;0;0;0;0;0;0.11;0.37;-9.71
3960;-0.00111111;0;0.00333333;0;0;0;0;0.08;0.36;-9.81
3961;0;0;0;0;0;0;0;0.07;0.44;-9.72
3962;0;0;0;0;0;0;0;0.09;0.44;-9.8
3963;0.00111111;0.00222222;0;0;0;0;0;0.11;0.37;-9.77
3964;0;0;-0.00111111;0;0;0;0;0.1;0.35;-9.77
3965;0;-0.00222222;0.00111111;0;0;0;0;0.07;0.35;-9.77
3966;0;0;0;0;0;0;0;0.07;0.43;-9.77
3967;0.00333333;0;-0.00111111;0;0;0;0;0.1;0.41;-9.7
3968;0;0;0;0;0;0;0;0.09;0.32;-9.81
3969;0;0;0;0;0;0;0;0.12;0.44;-9.75
3970;0;0;0;0;0;0;0;0.08;0.4;-9.82
3971;0;0.00222222;-0.00222222;0;0;0;0;0.06;0.48;-9.75
3972;0;0;0;0;0;0;0;0.09;0.41;-9.77
3973;0;-0.00111111;0;0;0;0;0;0.06;0.42;-9.79
3974;0;0.00111111;0;0;0;0;0;0.05;0.39;-9.83
3975;0.00333333;0;0;0;0;0;0;0.06;0.4;-9.72
3976;0;0.00222222;-0.00111111;0;0;0;0;0.07;0.38;-9.81
3977;-0.00111111;0.00111111;0;0;0;0;0;0.04;0.41;-9.83
3978;-0.00111111;0;0;0;0;0;0;0.09;0.36;-9.83
3979;0;0;0.00111111;0;0;0;0;0.1;0.35;-9.78
3980;-0.00222222;0;0;0;0;0;0;0.07;0.42;-9.78
3981;0;0;0;0;0;0;0;0.07;0.39;-9.77
3982;0;0;0;0;0;0;0;0.04;0.43;-9.77
3983;0;0;0;0;0;0;0;0.07;0.4;-9.82
3984;0;0;0;0;0;0;0;0.06;0.39;-9.81
3985;0;0;0;0;0;0;0;0.09;0.39;-9.76
3986;-0.00333333;0;0.00333333;0;0;0;0;0.08;0.42;-9.75
3987;0;-0.00111111;0;0;0;0;0;0.05;0.43;-9.76
3988;0;0;-0.00111111;0;0;0;0;0.04;0.4;-9.82
3989;-0.00111111;0;0;0;0;0;0;0.08;0.38;-9.76
3990;0;0;0;0;0;0;0;0.09;0.4;-9.71
3991;0;0;0;0;0;0;0;0.07;0.38;-9.77
3992;0;0.00222222;0;0;0;0;0;0.06;0.36;-9.81
3993;-0.00222222;0;0;0;0;0;0;0.09;0.38;-9.79
3994;0;0;0;0;0;0;0;0.04;0.37;-9.86
3995;0.00111111;0;0.00111111;0;0;0;0;0.09;0.36;-9.75
3996;0;0;0.00222222;0;0;0;0;0.04;0.37;-9.73
3997;0;0.00111111;0.00111111;0;0;0;0;0.06;0.4;-9.8
3998;0.00111111;0.00111111;0.00111111;0;0;0;0;0.09;0.39;-9.74
3999;0;0.00222222;0;0;0;0;0;0.1;0.4;-9.76
4000;0.00111111;0;0.00111111;0;0;0;0;0.09;0.42;-9.77
4001;0.00222222;0;0;0;0;0;0;0.08;0.47;-9.81
4002;0;0;0;0;0;0;0;0.03;0.38;-9.68
4003;-0.00111111;0;0.00222222;0;0;0;0;0.1;0.42;-9.76
4004;0;-0.00222222;0.00222222;0;0;0;0;0.06;0.38;-9.75
4005;0.00111111;0.00111111;0;0;0;0;0;0.06;0.4;-9.78
4006;0;0.00111111;0;0;0;0;0;0.09;0.38;-9.76
4007;0;-0.00222222;0;0;0;0;0;0.11;0.46;-9.71
4008;0;0;0.00111111;0;0;0;0;0.04;0.32;-9.83
4009;0.00222222;0;0;0;0;0;0;0.05;0.37;-9.76
4010;0;0;0.00111111;0;0;0;0;0.06;0.39;-9.74
4011;-0.00111111;0;0;0;0;0;0;0.06;0.45;-9.71
4012;0;0;-0.00111111;0;0;0;0;0.07;0.38;-9.79
4013;0;0;0;0;0;0;0;0.08;0.38;-9.77
4014;0;0.00111111;0.00111111;0;0;0;0;0.05;0.42;-9.79
4015;0;0;-0.00111111;0;0;0;0;0.08;0.32;-9.77
4016;0.00333333;0.00222222;0.00111111;0;0;0;0;0.05;0.33;-9.77
4017;0.00111111;0.00111111;-0.00111111;0;0;0;0;0.05;0.36;-9.76
4018;0;0;0;0;0;0;0;0.04;0.35;-9.84
4019;0;0;0;0;0;0;0;0.09;0.4;-9.74
4020;0;0.00111111;0;0;0;0;0;0.08;0.44;-9.82
4021;0;0.00222222;0;0;0;0;0;0.08;0.38;-9.8
4022;0;0;0;0;0;0;0;0.06;0.38;-9.75
4023;-0.00111111;0;0;0;0;0;0;0.06;0.44;-9.83
4024;0;0.00111111;0.00111111;0;0;0;0;0.15;0.44;-9.74
4025;0;0;0;0;0;0;0;0.04;0.36;-9.75
4026;0.00111111;0;0;0;0;0;0;0.08;0.4;-9.77
4027;-0.00111111;0;0;0;0;0;0;0.08;0.42;-9.73
4028;0;0;0;0;0;0;0;0.09;0.39;-9.85
4029;0;0;0;0;0;0;0;0.07;0.34;-9.73
4030;0;0;0;0;0;0;0;0.08;0.38;-9.87
4031;0;-0.00222222;0;0;0;0;0;0.1;0.37;-9.79
4032;0.00222222;0.00111111;0;0;0;0;0;0.07;0.38;-9.83
4033;0;0;0.00111111;0;0;0;0;0.07;0.4;-9.72
4034;0.00111111;0;0;0;0;0;0;0.13;0.37;-9.79
4035;0;0;0;0;0;0;0;0.06;0.39;-9.69
4036;0;0;0;0;0;0;0;0.09;0.41;-9.71
4037;0.00222222;0.00222222;-0.00111111;0;0;0;0;0.08;0.41;-9.72
4038;0;0;0;0;0;0;0;0.09;0.32;-9.79
4039;0;0;0;0;0;0;0;0.05;0.36;-9.78
4040;0;0;0;0;0;0;0;0.08;0.36;-9.77
4041;0;-0.00111111;0;0;0;0;0;0.09;0.37;-9.79
4042;0;0;0;0;0;0;0;0.09;0.4;-9.79
4043;0;-0.00111111;0.00111111;0;0;0;0;0.07;0.39;-9.75
4044;0;0;0;0;0;0;0;0.08;0.39;-9.73
4045;0;0;0;0;0;0;0;0.07;0.39;-9.72
4046;0;0;0;0;0;0;0;0.07;0.38;-9.73
4047;0;0.00111111;0;0;0;0;0;0.05;0.39;-9.74
4048;0;-0.00111111;0;0;0;0;0;0.07;0.4;-9.76
4049;0.00111111;0;0;0;0;0;0;0.06;0.38;-9.81
4050;0;0;0.00111111;0;0;0;0;0.05;0.38;-9.75
4051;0;0;-0.00111111;0;0;0;0;0.06;0.38;-9.82
4052;0;-0.00222222;0;0;0;0;0;0.06;0.38;-9.77
4053;0;0;-0.00222222;0;0;0;0;0.12;0.37;-9.86
4054;0;0;0;0;0;0;0;0.08;0.4;-9.77
4055;-0.00111111;0;-0.00111111;0;0;0;0;0.08;0.39;-9.72
4056;0;0;0;0;0;0;0;0.07;0.47;-9.78
4057;0;0;0;0;0;0;0;0.06;0.34;-9.75
4058;0;0;0;0;0;0;0;0.09;0.34;-9.86
4059;0;0;-0.00111111;0;0;0;0;0.06;0.37;-9.74
4060;0;0;0;0;0;0;0;0.06;0.42;-9.76
4061;0;0;0;0;0;0;0;0.07;0.36;-9.76
4062;0.00111111;0.00222222;0;0;0;0;0;0.09;0.43;-9.73
4063;-0.00222222;0;0.00111111;0;0;0;0;0.05;0.34;-9.86
4064;0.00222222;0;0.00111111;0;0;0;0;0.06;0.42;-9.79
4065;-0.00111111;0;0;0;0;0;0;0.06;0.37;-9.77
4066;0;0.00111111;0;0;0;0;0;0.05;0.4;-9.83
4067;0;0;0;0;0;0;0;0.06;0.38;-9.75
4068;0;-0.00222222;0;0;0;0;0;0.11;0.41;-9.77
