Time;Angular_velocity_x;Angular_velocity_y;Angular_velocity_z;Orientation_x;Orientation_y;Orientation_z;Orientation_w;Linear_acceleration_x;Linear_acceleration_y;Linear_acceleration_z
1;0.0283333;-0.01;0.03;0;0;0;0;-1.175;-0.27;9.43
2;0.00388889;-0.0166667;0.0322222;0;0;0;0;-1.65;-0.31;9.66
3;-0.0216667;-0.0466667;-0.000555556;0;0;0;0;-1.62;-0.335;9.515
4;-0.0144444;-0.00222222;0.00888889;0;0;0;0;-1.61;-0.68;9.58
5;0.00777778;-0.0116667;0.035;0;0;0;0;-1.755;-0.695;9.54
6;-0.00888889;-0.0177778;0.00555556;0;0;0;0;-1.83;-0.73;9.49
7;0.0122222;-0.0355556;0;0;0;0;0;-1.96;-0.97;9.46
8;-0.00222222;0.0105556;-0.0144444;0;0;0;0;-2.08;-0.835;9.495
9;0;0.0455556;-0.0305556;0;0;0;0;-1.775;-0.865;9.555
10;-0.00222222;0.0494444;-0.00166667;0;0;0;0;-1.775;-0.76;9.55
11;0.0111111;0.04;0.00333333;0;0;0;0;-1.76;-0.71;9.48
12;0.00111111;-0.0311111;-0.00888889;0;0;0;0;-1.82;-0.55;9.58
13;0.00388889;-0.0177778;-0.00666667;0;0;0;0;-1.605;-0.54;9.525
14;0.00944444;-0.0261111;-0.0255556;0;0;0;0;-1.33;-0.495;9.515
15;-0.000555556;-0.02;-0.0116667;0;0;0;0;-1.25;-0.565;9.59
16;-0.0255556;-0.0588889;0.0555556;0;0;0;0;-1.49;-0.76;9.59
17;-0.0177778;-0.0394444;0.0394444;0;0;0;0;-1.815;-0.99;9.495
18;0.0216667;-0.0355556;-0.00277778;0;0;0;0;-2.06;-1.155;9.395
19;0.0222222;-0.02;0;0;0;0;0;-1.84;-0.98;9.48
20;0.0294444;-0.0155556;-0.0133333;0;0;0;0;-1.815;-0.895;9.52
21;0.02;-0.0322222;0.0211111;0;0;0;0;-1.66;-0.67;9.6
22;-0.0194444;-0.00944444;-0.0411111;0;0;0;0;-1.62;-0.655;9.595
23;-0.00111111;-0.00944444;-0.0133333;0;0;0;0;-1.145;-0.875;9.855
24;-0.00277778;-0.0138889;-0.00333333;0;0;0;0;-1.085;-0.865;9.555
25;0.0138889;-0.00277778;-0.0244444;0;0;0;0;-0.985;-0.81;9.68
26;0.0233333;-0.00666667;0.02;0;0;0;0;-1.02;-0.59;9.72
27;0.02;-0.0388889;-0.00111111;0;0;0;0;-0.94;-0.54;9.72
28;0.00555556;-0.0144444;0.0133333;0;0;0;0;-1.08;-0.48;9.28
29;0.00388889;-0.04;0.0127778;0;0;0;0;-1.145;-0.31;9.72
30;-0.0122222;-0.0622222;0.0266667;0;0;0;0;-1.12;-0.24;9.67
31;0.000555556;-0.0461111;0.0211111;0;0;0;0;-1.425;-0.645;9.68
32;-0.0144444;-0.0277778;0.025;0;0;0;0;-1.535;-0.67;9.6
33;-0.00277778;-0.0305556;0.0177778;0;0;0;0;-1.755;-0.875;9.48
34;0.02;-0.00944444;0.00222222;0;0;0;0;-2.115;-0.6;9.455
35;-0.00555556;-0.0466667;-0.00833333;0;0;0;0;-1.795;-0.44;9.575
36;-0.00277778;-0.055;-0.025;0;0;0;0;-1.525;-0.56;9.685
37;-0.0244444;-0.0244444;-0.0233333;0;0;0;0;-1.315;-0.675;9.675
38;-0.00444444;-0.0122222;-0.00111111;0;0;0;0;-1.06;-0.93;9.61
39;0.00777778;-0.0144444;0.0144444;0;0;0;0;-1.11;-0.89;9.71
40;-0.00444444;-0.0377778;0.0172222;0;0;0;0;-1.235;-0.8;9.61
41;0.00222222;-0.0377778;-0.0111111;0;0;0;0;-1.22;-0.9;9.68
42;-0.000555556;-0.0438889;-0.0172222;0;0;0;0;-0.895;-0.71;9.725
43;-0.00222222;-0.0205556;0;0;0;0;0;-0.695;-0.675;9.755
44;0;-0.0333333;0;0;0;0;0;-0.72;-0.83;9.71
45;-0.0122222;-0.0233333;0.00222222;0;0;0;0;-0.64;-0.885;9.63
46;-0.00333333;-0.03;-0.00222222;0;0;0;0;-0.69;-1.02;9.63
47;0.0122222;-0.0177778;-0.00888889;0;0;0;0;-0.59;-0.79;9.74
48;0.0177778;-0.0227778;-0.0138889;0;0;0;0;-0.385;-0.705;9.715
49;0.00111111;-0.0288889;-0.0144444;0;0;0;0;-0.16;-0.78;9.74
50;-0.0211111;-0.04;-0.0111111;0;0;0;0;-0.03;-0.72;9.66
51;-0.00222222;-0.03;-0.0222222;0;0;0;0;0.02;-0.84;9.66
52;-0.0105556;-0.0183333;0.000555556;0;0;0;0;0.225;-0.935;9.625
53;0.00611111;-0.0255556;0.0211111;0;0;0;0;0.035;-0.84;9.67
54;-0.00555556;-0.0188889;0.02;0;0;0;0;0.07;-0.82;9.7
55;0.00222222;-0.0255556;-0.00222222;0;0;0;0;-0.35;-1.01;9.79
56;-0.0311111;-0.0255556;0.05;0;0;0;0;-0.73;-1.1;9.66
57;-0.00222222;-0.0333333;-0.00666667;0;0;0;0;-0.79;-1.36;9.48
58;-0.00666667;-0.0177778;0.00444444;0;0;0;0;-0.865;-1.36;9.645
59;0.0166667;-0.0133333;-0.00555556;0;0;0;0;-0.62;-1.24;9.62
60;0.01;-0.0177778;-0.0155556;0;0;0;0;-0.59;-1.24;9.62
61;0.0233333;-0.0122222;-0.0255556;0;0;0;0;-0.09;-1.27;9.58
62;-0.0277778;-0.000555556;-0.0333333;0;0;0;0;0.005;-1.05;9.645
63;-0.0277778;-0.0211111;0.00777778;0;0;0;0;0.35;-1.56;9.39
64;0.00111111;-0.00888889;0.01;0;0;0;0;0.18;-1.5;9.48
65;-0.00666667;-0.00333333;0.00333333;0;0;0;0;0.25;-1.57;9.57
66;0.00222222;-0.0122222;-0.00888889;0;0;0;0;0.26;-1.6;9.57
67;0;-0.015;0.0138889;0;0;0;0;0.315;-1.62;9.565
68;0.00777778;-0.0177778;0.0233333;0;0;0;0;0.19;-1.52;9.57
69;0.000555556;-0.0294444;-0.0255556;0;0;0;0;0.315;-1.515;9.585
70;0;-0.0155556;0.00888889;0;0;0;0;0.4;-1.57;9.62
71;-0.00166667;-0.0211111;-0.0111111;0;0;0;0;0.395;-1.51;9.59
72;0.00611111;-0.005;0.00111111;0;0;0;0;0.585;-1.34;9.64
73;0.000555556;-0.0316667;0.00277778;0;0;0;0;0.445;-1.385;9.595
74;0.00111111;-0.04;0.00888889;0;0;0;0;0.47;-1.35;9.67
75;-0.00444444;-0.0283333;0.000555556;0;0;0;0;0.54;-1.3;9.6
76;-0.00444444;-0.0194444;0.0144444;0;0;0;0;0.61;-1.305;9.52
77;-0.0155556;-0.0177778;-0.00555556;0;0;0;0;0.47;-1.34;9.51
78;-0.00333333;-0.0211111;0.0133333;0;0;0;0;0.48;-1.35;9.66
79;0.00444444;0;0.00888889;0;0;0;0;0.325;-1.21;9.63
80;0.00277778;-0.00611111;0;0;0;0;0;0.315;-1.105;9.705
81;0.0111111;-0.0155556;0;0;0;0;0;0.44;-1.15;9.67
82;0;-0.0155556;0.00555556;0;0;0;0;0.28;-0.96;9.71
83;-0.00111111;-0.00666667;-0.00333333;0;0;0;0;0.36;-1.03;9.69
84;-0.00111111;-0.00777778;-0.00277778;0;0;0;0;0.425;-1.035;9.695
85;-0.005;-0.00444444;0;0;0;0;0;0.365;-1.025;9.665
86;0.00611111;-0.015;-0.00666667;0;0;0;0;0.42;-0.94;9.7
87;0.0161111;-0.0166667;0.0105556;0;0;0;0;0.575;-0.94;9.7
88;0.0161111;0.00777778;-0.00333333;0;0;0;0;0.3;-0.815;9.78
89;0.00888889;-0.00722222;-0.000555556;0;0;0;0;0.315;-0.65;9.735
90;0.0116667;-0.0227778;0.0261111;0;0;0;0;0.395;-0.47;9.7
91;0;-0.00222222;0.0111111;0;0;0;0;0.135;-0.52;9.745
92;0.00833333;-0.00166667;0.00277778;0;0;0;0;0.035;-0.305;9.79
93;0.00277778;-0.00277778;-0.00722222;0;0;0;0;0.015;-0.315;9.755
94;-0.00333333;-0.00555556;-0.00444444;0;0;0;0;0.06;-0.31;9.73
95;0.0244444;0.0188889;0.0188889;0;0;0;0;0.16;-0.26;9.72
96;0.0288889;-0.00333333;0.0166667;0;0;0;0;0.06;-0.1;9.69
97;0.0144444;-0.00388889;-0.00722222;0;0;0;0;-0.095;0.065;9.8
98;0.000555556;-0.0205556;0.0133333;0;0;0;0;-0.065;0.155;9.835
99;-0.0238889;-0.0177778;0.0166667;0;0;0;0;-0.255;0.2;9.88
100;0.00611111;0;0.00555556;0;0;0;0;-0.435;-0.155;9.85
101;-0.00333333;-0.01;0.00777778;0;0;0;0;-0.505;0.015;9.705
102;0.0172222;-0.0138889;-0.0283333;0;0;0;0;-0.515;0.135;9.84
103;0.0372222;0.0105556;-0.0361111;0;0;0;0;-0.07;0.27;9.85
104;-0.00222222;-0.0333333;-0.01;0;0;0;0;0.08;0.37;9.75
105;-0.00333333;-0.0566667;0.00555556;0;0;0;0;0.09;0.35;9.77
106;-0.0138889;-0.0238889;-0.0138889;0;0;0;0;-0.04;0.165;9.805
107;-0.00888889;-0.0222222;-0.00555556;0;0;0;0;0.05;0.09;9.8
108;0;-0.0177778;-0.00888889;0;0;0;0;0.09;0.17;9.78
109;0.00333333;-0.0233333;-0.00555556;0;0;0;0;0.11;0.26;9.79
110;0.0222222;-0.0155556;0.0388889;0;0;0;0;-0.11;0.13;9.87
111;-0.0133333;-0.0244444;0.0188889;0;0;0;0;-0.19;0.26;9.76
112;-0.0244444;0;-0.00333333;0;0;0;0;-0.33;0.14;9.77
113;0.00333333;-0.00666667;0.01;0;0;0;0;-0.23;0.07;9.76
114;0.01;-0.0144444;0.025;0;0;0;0;-0.37;0.155;9.79
115;0;-0.0322222;0.0122222;0;0;0;0;-0.65;0.18;9.78
116;-0.00555556;-0.0133333;0.00555556;0;0;0;0;-0.715;0.23;9.78
117;0.000555556;-0.0222222;0.00555556;0;0;0;0;-0.66;0.06;9.755
118;0.00277778;-0.0138889;-0.00722222;0;0;0;0;-0.685;-0.12;9.805
119;0;-0.0177778;-0.00555556;0;0;0;0;-0.65;0.04;9.82
120;0.00611111;-0.0144444;-0.005;0;0;0;0;-0.595;0.09;9.76
121;-0.0111111;-0.03;-0.00388889;0;0;0;0;-0.525;0.155;9.72
122;-0.0122222;-0.0261111;-0.00111111;0;0;0;0;-0.57;0.025;9.785
123;-0.00555556;-0.0205556;-0.00833333;0;0;0;0;-0.375;-0.17;9.77
124;-0.00722222;-0.00388889;-0.000555556;0;0;0;0;-0.45;-0.23;9.855
125;0.00166667;-0.00722222;-0.0111111;0;0;0;0;-0.19;-0.275;9.745
126;0.00555556;-0.00666667;-0.00944444;0;0;0;0;-0.12;-0.205;9.795
127;-0.000555556;-0.0205556;-0.0166667;0;0;0;0;-0.075;-0.155;9.885
128;-0.00888889;-0.00888889;-0.02;0;0;0;0;0.15;-0.16;9.87
129;-0.00888889;-0.0244444;-0.0138889;0;0;0;0;0.415;-0.175;9.815
130;-0.00444444;-0.0211111;0;0;0;0;0;0.43;-0.32;9.81
131;0.0166667;-0.00444444;0.0127778;0;0;0;0;0.15;-0.285;9.845
132;0;-0.0233333;0.05;0;0;0;0;-0.14;-0.22;9.87
133;0.00333333;-0.0166667;-0.02;0;0;0;0;-0.38;-0.07;9.82
134;0.0172222;0.00888889;-0.00777778;0;0;0;0;-0.405;-0.215;9.975
135;-0.00333333;-0.0311111;-0.00388889;0;0;0;0;-0.29;-0.105;9.845
136;-0.0172222;-0.0216667;-0.00166667;0;0;0;0;-0.22;-0.305;9.82
137;0.00722222;-0.0255556;0.00555556;0;0;0;0;-0.255;-0.38;9.845
138;0;-0.0111111;-0.0511111;0;0;0;0;-0.1;-0.32;9.84
139;-0.00888889;-0.0133333;-0.0311111;0;0;0;0;0.25;-0.38;9.81
140;0.0311111;0.0133333;-0.0533333;0;0;0;0;0.655;-0.275;9.82
141;0.0155556;-0.00444444;-0.00222222;0;0;0;0;0.925;-0.13;9.76
142;-0.005;-0.0211111;0.00944444;0;0;0;0;0.86;-0.04;9.765
143;-0.00777778;-0.00722222;-0.000555556;0;0;0;0;0.895;-0.05;9.835
144;0.00777778;-0.00555556;0.00666667;0;0;0;0;0.95;-0.07;9.81
145;-0.0122222;-0.0422222;0.0222222;0;0;0;0;0.85;0.01;9.84
146;0.005;-0.0311111;0.0122222;0;0;0;0;0.67;-0.03;9.945
147;-0.0188889;-0.0322222;0.00666667;0;0;0;0;0.75;-0.11;9.83
148;0.00666667;0;0.0188889;0;0;0;0;0.44;-0.03;9.77
149;0.00111111;-0.0311111;0.00222222;0;0;0;0;0.495;-0.025;9.755
150;0.0122222;-0.00666667;0.0188889;0;0;0;0;0.445;0.1;9.795
151;0.0322222;0.00555556;0.0966667;0;0;0;0;-0.03;0.27;9.81
152;-0.000555556;-0.0255556;0.0511111;0;0;0;0;-0.71;0.49;9.785
153;0.0111111;-0.0366667;0.0227778;0;0;0;0;-1.16;0.385;9.71
154;-0.0444444;-0.0577778;0.0666667;0;0;0;0;-1.8;0.14;9.56
155;-0.0266667;-0.0655556;-0.0172222;0;0;0;0;-2.115;-0.115;9.545
156;-0.0233333;-0.035;-0.0161111;0;0;0;0;-1.895;-0.525;9.64
157;0.00833333;-0.00777778;-0.0105556;0;0;0;0;-1.805;-0.53;9.555
158;0.00277778;-0.00722222;-0.0383333;0;0;0;0;-1.64;-0.585;9.635
159;0.0322222;0.00666667;-0.0577778;0;0;0;0;-0.97;-0.4;9.83
160;0.00555556;-0.0155556;-0.0466667;0;0;0;0;-0.73;-0.11;9.8
161;-0.03;-0.0594444;-0.0572222;0;0;0;0;-0.11;-0.52;9.745
162;-0.0111111;-0.0183333;-0.0216667;0;0;0;0;0.21;-0.57;9.815
163;0.00444444;-0.0194444;-0.0433333;0;0;0;0;0.345;-0.405;9.74
164;-0.0205556;-0.00444444;0.0377778;0;0;0;0;0.22;-0.73;9.59
165;0.0155556;0.00166667;-0.00333333;0;0;0;0;0.18;-0.655;9.68
166;0.0166667;-0.0144444;-0.0177778;0;0;0;0;0.33;-0.52;9.7
167;0.0105556;-0.0188889;-0.0361111;0;0;0;0;0.52;-0.345;9.635
168;0.0133333;-0.025;-0.0255556;0;0;0;0;0.875;-0.3;9.82
169;-0.0355556;-0.0305556;-0.0111111;0;0;0;0;1.26;-0.195;9.69
170;-0.0166667;-0.00555556;0.0161111;0;0;0;0;1.25;-0.56;9.775
171;-0.0305556;-0.0122222;0.0461111;0;0;0;0;0.805;-0.58;9.65
172;0.000555556;-0.00833333;0.00611111;0;0;0;0;0.645;-0.655;9.73
173;0.00555556;0.0216667;0.00611111;0;0;0;0;0.715;-0.49;9.665
174;0.0233333;0.025;0.03;0;0;0;0;0.615;-0.64;9.6
175;0.015;-0.0188889;0.0233333;0;0;0;0;0.235;-0.205;9.71
176;-0.0111111;-0.0622222;-0.0277778;0;0;0;0;0.42;-0.33;9.73
177;0.0127778;-0.015;-0.0372222;0;0;0;0;0.68;-0.25;9.705
178;-0.0183333;-0.0288889;-0.0211111;0;0;0;0;0.935;-0.24;9.855
179;-0.0255556;-0.0183333;0.00777778;0;0;0;0;0.935;-0.51;9.78
180;-0.00444444;-0.00166667;0.00888889;0;0;0;0;0.855;-0.7;9.675
181;0.00555556;0.045;-0.0272222;0;0;0;0;0.925;-0.805;9.63
182;-0.0105556;-0.00888889;-0.0261111;0;0;0;0;1.145;-0.645;9.57
183;0;0.00333333;0.01;0;0;0;0;1.25;-0.73;9.63
184;0.0244444;-0.00888889;0;0;0;0;0;1.065;-0.48;9.715
185;-0.0122222;-0.0122222;0.0266667;0;0;0;0;0.9;-0.7;9.71
186;-0.00666667;-0.0105556;0.00611111;0;0;0;0;0.72;-0.465;9.61
187;0.0122222;0.0177778;0.00388889;0;0;0;0;0.83;-0.525;9.61
188;-0.00111111;0.005;-0.000555556;0;0;0;0;0.545;-0.575;9.575
189;-0.0127778;0.0427778;-0.0122222;0;0;0;0;0.645;-0.75;9.775
190;-0.0272222;0.0488889;-0.0255556;0;0;0;0;0.81;-0.965;9.88
191;-0.00277778;0.0305556;-0.0238889;0;0;0;0;1.055;-0.975;9.725
192;0.0177778;0.0433333;-0.0288889;0;0;0;0;1.28;-1.18;9.58
193;-0.00666667;0.0477778;0.01;0;0;0;0;1.3;-1.14;9.92
194;0.00722222;0.0466667;-0.0205556;0;0;0;0;1.27;-1.05;9.76
195;-0.00722222;0.0172222;-0.0427778;0;0;0;0;1.48;-1.48;9.65
196;-0.00444444;0.00555556;-0.06;0;0;0;0;1.91;-1.09;9.54
197;0.00888889;0.0583333;-0.0233333;0;0;0;0;1.62;-1.235;9.195
198;0.0166667;0.0533333;-0.0344444;0;0;0;0;1.33;-1.21;9.53
199;0.0216667;0.0916667;-0.00722222;0;0;0;0;1.295;-1.52;9.5
200;0.0405556;0.055;-0.0511111;0;0;0;0;1.43;-1.09;9.5
201;0.00888889;0.04;-0.0366667;0;0;0;0;2;-0.64;9.46
202;0.0366667;0.02;-0.0322222;0;0;0;0;2.13;-0.77;9.46
203;0.035;-0.0127778;-0.0172222;0;0;0;0;2.27;-0.55;9.82
204;0.0144444;-0.0327778;-0.0161111;0;0;0;0;2.23;-0.285;9.34
205;-0.00888889;-0.0166667;-0.00333333;0;0;0;0;2.26;-0.19;9.45
206;-0.0338889;0.00333333;0.0127778;0;0;0;0;2.39;0.02;9.65
207;0.0316667;-0.015;-0.00611111;0;0;0;0;2.22;-0.355;9.475
208;0.0205556;-0.0127778;0.000555556;0;0;0;0;2.52;-0.13;9.6
209;-0.0316667;-0.00666667;0;0;0;0;0;2.315;0.015;9.745
210;-0.0177778;-0.0216667;-0.035;0;0;0;0;2.39;-0.36;9.41
211;-0.0227778;-0.00444444;0.00611111;0;0;0;0;2.55;0.16;9.23
212;0.0188889;-0.0444444;-0.02;0;0;0;0;3.11;-0.495;9.45
213;-0.0188889;-0.0311111;-0.0288889;0;0;0;0;3.24;-0.175;9.18
214;-0.0327778;-0.0627778;-0.0116667;0;0;0;0;3.22;-0.145;9.4
215;-0.0111111;-0.0677778;0.0222222;0;0;0;0;3.16;-0.07;9.18
216;-0.000555556;-0.0555556;0.0316667;0;0;0;0;2.865;0.195;9.2
217;0.00166667;-0.0366667;0.0394444;0;0;0;0;2.495;0.055;9.42
218;0.00888889;-0.0205556;-0.0177778;0;0;0;0;2.335;-0.125;9.6
219;0.0144444;0.00333333;-0.0111111;0;0;0;0;2.42;0.33;9.34
220;0.0111111;-0.00277778;0.00277778;0;0;0;0;2.555;0.28;9.35
221;-0.00555556;0.00888889;-0.00222222;0;0;0;0;2.35;0.3;9.72
222;-0.0433333;0.00944444;0.00277778;0;0;0;0;2.375;0.465;9.43
223;0.0261111;0;-0.005;0;0;0;0;1.99;-0.14;9.13
224;-0.0188889;0.00666667;0;0;0;0;0;2.5;0.26;9.22
225;-0.00444444;0.00166667;0.00833333;0;0;0;0;2.33;0.355;9.38
226;-0.0377778;0.00833333;0.000555556;0;0;0;0;2.55;0.305;9.605
227;0.0222222;-0.0122222;-0.00111111;0;0;0;0;2.375;0.3;9.34
228;0.015;0.0355556;-0.025;0;0;0;0;2.32;-0.125;9.415
229;0.00166667;-0.0172222;-0.0122222;0;0;0;0;2.27;0.555;9.12
230;0.0277778;0;-0.00777778;0;0;0;0;2.36;0.08;9.275
231;0.0111111;0.0111111;0.00222222;0;0;0;0;2.425;0.17;9.205
232;0;-0.00555556;-0.00611111;0;0;0;0;2.23;0.25;9.405
233;0;0;-0.00888889;0;0;0;0;2.25;0.2;9.25
234;-0.0133333;0.0111111;0.00388889;0;0;0;0;2.385;0.17;9.4
235;-0.00555556;-0.00722222;-0.00888889;0;0;0;0;2.38;0.065;9.465
236;0;0.00222222;-0.00555556;0;0;0;0;2.29;0.265;9.625
237;0.00888889;0.00222222;-0.00888889;0;0;0;0;2.53;0.3;9.56
238;0.000555556;0.00666667;-0.0227778;0;0;0;0;2.455;0.085;9.39
239;-0.00222222;-0.000555556;-0.00944444;0;0;0;0;2.45;0.185;9.45
240;0.0272222;0.00444444;-0.0138889;0;0;0;0;2.205;0.005;9.85
241;-0.00111111;-0.0222222;-0.0133333;0;0;0;0;2.45;0.08;9.48
242;-0.000555556;-0.00388889;-0.000555556;0;0;0;0;2.455;0.375;9.445
243;0.00611111;-0.00666667;0.0216667;0;0;0;0;2.275;0.265;9.485
244;0.202778;0.670556;0.0944444;0;0;0;0;1.25;0.615;10.375
245;0.157778;1.52556;0.256667;0;0;0;0;0.4;-1.56;8.77
246;0.00222222;0.0566667;0.0355556;0;0;0;0;-1.61;-1.08;10.38
247;0.00333333;-0.0677778;0.0411111;0;0;0;0;-1.44;-0.26;9.73
248;-0.0316667;-0.0594444;0.0505556;0;0;0;0;-1.79;-0.51;9.57
249;0.00333333;-0.0333333;0.00166667;0;0;0;0;-1.695;-0.395;9.65
250;-0.00222222;-0.0416667;-0.00222222;0;0;0;0;-1.69;-0.545;9.685
251;-0.00666667;-0.0322222;-0.00833333;0;0;0;0;-1.6;-0.525;9.705
252;0;-0.0327778;-0.0172222;0;0;0;0;-1.445;-0.675;9.66
253;-0.00888889;-0.0444444;-0.025;0;0;0;0;-1.275;-0.69;9.63
254;-0.005;-0.0127778;-0.0427778;0;0;0;0;-0.925;-0.84;9.73
255;0.0155556;-0.03;-0.0111111;0;0;0;0;-0.65;-0.83;9.67
256;0.00666667;-0.0277778;-0.0105556;0;0;0;0;-0.445;-0.755;9.735
257;-0.0266667;-0.0644444;0.0438889;0;0;0;0;-0.525;-0.785;9.7
258;-0.0211111;-0.0522222;0.0322222;0;0;0;0;-1.335;-1.405;9.46
259;0.00388889;-0.00611111;-0.00444444;0;0;0;0;-1.325;-1.525;9.645
260;0.0338889;-0.00888889;0.015;0;0;0;0;-1.53;-1.375;9.675
261;0.0433333;0.0194444;0.0372222;0;0;0;0;-1.465;-1.015;9.6
262;0.00944444;0.00388889;-0.0127778;0;0;0;0;-1.995;-0.645;9.73
263;-0.00666667;-0.0111111;-0.01;0;0;0;0;-1.51;-0.71;9.71
264;0.0244444;-0.00944444;-0.0272222;0;0;0;0;-1.745;-0.915;9.655
265;0.0166667;-0.00444444;0.05;0;0;0;0;-1.87;-0.81;9.69
266;0.0144444;0.0261111;0.00111111;0;0;0;0;-1.895;-0.745;9.675
267;0.0338889;-0.0172222;-0.0677778;0;0;0;0;-1.675;-0.335;9.83
268;-0.00555556;0.0216667;0.0533333;0;0;0;0;-1.825;-0.395;9.72
269;0.00888889;0.0138889;-0.015;0;0;0;0;-2.01;-0.37;9.76
270;0;0.0422222;-0.03;0;0;0;0;-1.66;-0.33;9.74
271;0.00444444;-0.00611111;-0.0272222;0;0;0;0;-1.39;-0.33;9.855
272;0.0472222;0.0483333;0.0494444;0;0;0;0;-1.47;0.075;9.785
273;-0.0138889;-0.00111111;-0.0127778;0;0;0;0;-1.665;0.335;9.75
274;0.0238889;0.0211111;0.0683333;0;0;0;0;-1.845;0.455;9.745
275;0.0188889;0.0283333;-0.02;0;0;0;0;-1.97;0.56;9.67
276;0.0144444;0.00222222;0.0105556;0;0;0;0;-1.69;0.76;9.685
277;-0.0211111;0.000555556;-0.00777778;0;0;0;0;-1.885;0.71;9.645
278;0.0244444;-0.0177778;-0.0544444;0;0;0;0;-1.14;0.83;9.87
279;0.00222222;-0.0466667;-0.0166667;0;0;0;0;-0.9;0.97;9.78
280;-0.0388889;-0.0727778;-0.0177778;0;0;0;0;-0.68;0.845;9.915
281;-0.00222222;-0.0622222;-0.0472222;0;0;0;0;-0.45;0.58;9.88
282;-0.00333333;-0.00388889;-0.0205556;0;0;0;0;-0.21;0.69;9.895
283;0.00166667;-0.0338889;-0.00444444;0;0;0;0;-0.145;0.71;9.925
284;0.00388889;-0.0316667;-0.0172222;0;0;0;0;-0.135;0.725;9.755
285;0.000555556;-0.0161111;-0.00333333;0;0;0;0;0.01;0.865;9.835
286;0.00222222;-0.00666667;-0.00555556;0;0;0;0;-0.04;0.85;9.78
287;0.0177778;0.0233333;-0.0111111;0;0;0;0;0.3;0.9;9.75
288;0.0138889;-0.0155556;-0.0761111;0;0;0;0;0.45;1;9.825
289;-0.01;-0.0211111;-0.0233333;0;0;0;0;0.605;1.02;9.675
290;-0.0222222;0.00555556;0.0183333;0;0;0;0;0.36;0.34;9.765
291;-0.0122222;0.00166667;0.0166667;0;0;0;0;0.1;0.21;9.765
292;-0.01;-0.0127778;-0.0105556;0;0;0;0;0.04;0.025;9.8
293;-0.00944444;0.0155556;0.01;0;0;0;0;0.195;-0.065;9.85
294;0.00333333;0.00888889;0.00722222;0;0;0;0;-0.44;-0.35;9.805
295;-0.00444444;-0.0211111;-0.00444444;0;0;0;0;-0.27;-0.36;9.76
296;-0.0188889;0.005;-0.00333333;0;0;0;0;-0.37;-0.445;9.765
297;-0.0294444;-0.0288889;0.0416667;0;0;0;0;-0.515;-0.655;9.99
298;-0.0222222;0.0188889;0.0277778;0;0;0;0;-0.85;-1.1;9.8
299;0.0211111;0.00777778;0.00222222;0;0;0;0;-1.07;-1.07;9.81
300;0.00777778;-0.00333333;0;0;0;0;0;-1.01;-0.94;9.81
301;-0.0116667;-0.0105556;0.00833333;0;0;0;0;-1.145;-0.965;9.815
302;-0.0105556;0.00333333;-0.00944444;0;0;0;0;-1.005;-1.085;9.83
303;-0.00666667;0.03;-0.0166667;0;0;0;0;-0.99;-1.28;9.75
304;0.0211111;-0.00722222;-0.0127778;0;0;0;0;-0.765;-1.22;9.82
305;0.00555556;0.0105556;-0.0133333;0;0;0;0;-0.725;-0.97;9.865
306;-0.00166667;0.00666667;0.01;0;0;0;0;-0.635;-1.005;9.79
307;0.00611111;0.0177778;-0.00222222;0;0;0;0;-0.735;-0.98;9.75
308;-0.00555556;0.0155556;-0.0183333;0;0;0;0;-0.695;-0.95;9.84
309;-0.00388889;0.0216667;-0.000555556;0;0;0;0;-0.52;-0.975;9.81
310;0.00777778;0.00166667;0.00777778;0;0;0;0;-0.54;-0.97;9.87
311;0.00555556;0.02;0.00333333;0;0;0;0;-0.61;-0.84;9.75
312;0.00777778;-0.00666667;-0.0144444;0;0;0;0;-0.53;-0.83;9.8
313;0.00111111;-0.00888889;0;0;0;0;0;-0.56;-0.75;9.71
314;-0.00222222;0.0133333;0.00555556;0;0;0;0;-0.53;-0.74;9.73
315;0.00333333;-0.00111111;0.00222222;0;0;0;0;-0.53;-0.74;9.77
316;0.00944444;0.00222222;-0.00388889;0;0;0;0;-0.68;-0.805;9.785
317;0.0111111;-0.00333333;-0.00555556;0;0;0;0;-0.53;-0.745;9.865
318;0.00444444;0.00722222;0.0283333;0;0;0;0;-0.66;-0.67;9.765
319;0.00611111;0.0155556;0.00722222;0;0;0;0;-0.785;-0.675;9.76
320;0.00555556;-0.00111111;0.000555556;0;0;0;0;-0.805;-0.61;9.77
321;0;-0.015;-0.00722222;0;0;0;0;-0.87;-0.58;9.775
322;-0.01;-0.00111111;0.0127778;0;0;0;0;-0.875;-0.615;9.815
323;0.00444444;0.005;-0.00277778;0;0;0;0;-0.905;-0.645;9.72
324;0.000555556;-0.0172222;0;0;0;0;0;-0.785;-0.625;9.79
325;0.00111111;0;-0.00666667;0;0;0;0;-0.68;-0.68;9.78
326;-0.00888889;0.0277778;-0.00444444;0;0;0;0;-0.79;-0.62;9.81
327;-0.0144444;0.00111111;0.00444444;0;0;0;0;-0.79;-0.67;9.75
328;0.00444444;0.0166667;-0.0144444;0;0;0;0;-0.67;-0.76;9.7
329;0.00166667;0.00722222;-0.00111111;0;0;0;0;-0.67;-0.68;9.805
330;-0.00777778;0.01;-0.00666667;0;0;0;0;-0.61;-0.78;9.76
331;0.00222222;0.0111111;0.00333333;0;0;0;0;-0.64;-0.86;9.69
332;0.0155556;0.0361111;0.0116667;0;0;0;0;-0.725;-0.755;9.775
333;-0.00611111;0.00333333;-0.00777778;0;0;0;0;-0.89;-0.57;9.8
334;0.000555556;0.00388889;0.00333333;0;0;0;0;-0.67;-0.67;9.715
335;0;-0.00111111;0.00277778;0;0;0;0;-0.745;-0.755;9.77
336;-0.00333333;0.00277778;0.00166667;0;0;0;0;-0.87;-0.69;9.66
337;0.00722222;-0.000555556;-0.0205556;0;0;0;0;-0.61;-0.69;9.7
338;0.0111111;-0.0133333;0.00666667;0;0;0;0;-0.405;-0.615;9.72
339;0.00833333;-0.0211111;0.00388889;0;0;0;0;-0.49;-0.695;9.72
340;0;-0.0144444;-0.00555556;0;0;0;0;-0.4;-0.66;9.77
341;-0.00555556;-0.02;0.00555556;0;0;0;0;-0.45;-0.61;9.78
342;-0.0105556;-0.0111111;0.00388889;0;0;0;0;-0.44;-0.67;9.7
343;-0.00944444;-0.0127778;0.00222222;0;0;0;0;-0.475;-0.8;9.77
344;-0.00166667;-0.0111111;-0.00111111;0;0;0;0;-0.47;-0.765;9.78
345;0;-0.00444444;-0.00111111;0;0;0;0;-0.46;-0.98;9.74
346;0.00333333;-0.00555556;0.00444444;0;0;0;0;-0.47;-0.8;9.72
347;-0.00222222;-0.0155556;0.000555556;0;0;0;0;-0.365;-0.855;9.765
348;-0.00333333;-0.00555556;-0.00888889;0;0;0;0;-0.41;-0.84;9.76
349;-0.00833333;0;0.00277778;0;0;0;0;-0.52;-0.865;9.72
350;-0.00333333;-0.00555556;0.0222222;0;0;0;0;-0.51;-0.95;9.81
351;-0.00444444;-0.005;-0.00444444;0;0;0;0;-0.51;-0.985;9.83
352;0.00222222;0;0.0188889;0;0;0;0;-0.62;-1.02;9.73
353;-0.000555556;-0.00944445;-0.0161111;0;0;0;0;-0.575;-0.93;9.715
354;0.00222222;-0.00888889;0.00722222;0;0;0;0;-0.655;-0.99;9.775
355;0.00222222;0.00333333;-0.00277778;0;0;0;0;-0.635;-1.015;9.715
356;-0.000555556;0.02;0.0261111;0;0;0;0;-0.685;-1.075;9.755
357;0.0144444;-0.00944444;-0.005;0;0;0;0;-0.775;-1.025;9.76
358;-0.00666667;-0.00222222;0;0;0;0;0;-0.87;-0.88;9.74
359;0.00222222;0.01;0.00888889;0;0;0;0;-0.75;-0.98;9.7
360;0;-0.00555556;-0.00444444;0;0;0;0;-0.83;-0.985;9.77
361;0;0.025;-0.00888889;0;0;0;0;-0.765;-1.005;9.8
362;0.00777778;0.00555556;-0.00555556;0;0;0;0;-0.79;-0.91;9.78
363;0.00666667;0.0111111;0.00777778;0;0;0;0;-0.67;-0.93;9.74
364;0.00555556;0.00444444;0.0183333;0;0;0;0;-0.825;-0.925;9.7
365;0;0.00277778;-0.00277778;0;0;0;0;-0.775;-0.915;9.715
366;0.00222222;0.00666667;0.00722222;0;0;0;0;-0.645;-0.845;9.775
367;-0.00222222;0.0122222;0;0;0;0;0;-0.905;-0.845;9.77
368;-0.00666667;0.00444444;-0.00388889;0;0;0;0;-0.87;-0.89;9.79
369;0.00944444;0.00722222;0.00666667;0;0;0;0;-0.79;-0.815;9.745
370;0;0.005;0.00666667;0;0;0;0;-0.89;-0.7;9.755
371;0.00555556;0.00333333;0.0211111;0;0;0;0;-0.94;-0.86;9.8
372;0.0111111;0.00777778;0.00333333;0;0;0;0;-1.11;-0.77;9.76
373;0;0.00555556;0.00888889;0;0;0;0;-1.06;-0.8;9.78
374;0.00555556;0.0166667;0;0;0;0;0;-1.15;-0.82;9.75
375;-0.00166667;0.0111111;0.000555556;0;0;0;0;-1.25;-0.74;9.83
376;0;0;-0.00333333;0;0;0;0;-1.12;-0.7;9.77
377;0;0.0222222;0;0;0;0;0;-1.2;-0.81;9.83
378;0;0.00833333;-0.01;0;0;0;0;-1.11;-0.73;9.78
379;-0.00111111;0;-0.00722222;0;0;0;0;-1.045;-0.645;9.81
380;0.00555556;0.00111111;-0.000555556;0;0;0;0;-1;-0.695;9.785
381;0.00666667;0.00555556;0.00166667;0;0;0;0;-1.11;-0.645;9.81
382;0.0133333;0.00444444;0;0;0;0;0;-1.17;-0.515;9.84
383;0.00444444;-0.00333333;-0.00777778;0;0;0;0;-1.12;-0.55;9.81
384;-0.00277778;0.0111111;0.0133333;0;0;0;0;-1.135;-0.49;9.88
385;-0.00111111;-0.00111111;0.00611111;0;0;0;0;-1.18;-0.595;9.855
386;0.0111111;0.01;-0.0227778;0;0;0;0;-0.995;-0.42;9.82
387;0.00611111;0;-0.0122222;0;0;0;0;-0.87;-0.405;9.855
388;0.00944444;0.0177778;-0.0122222;0;0;0;0;-0.925;-0.31;9.855
389;0.00333333;0.0122222;-0.0105556;0;0;0;0;-0.81;-0.32;9.82
390;0.00333333;0.00666667;-0.0222222;0;0;0;0;-0.46;-0.32;9.84
391;0.0122222;0;-0.00333333;0;0;0;0;-0.5;-0.28;9.87
392;-0.01;-0.0188889;0.0105556;0;0;0;0;-0.525;-0.16;9.87
393;-0.0222222;-0.0166667;0.01;0;0;0;0;-0.62;-0.47;9.92
394;-0.00166667;0.00611111;0.025;0;0;0;0;-0.515;-0.495;9.81
395;-0.00611111;0.0155556;0.0166667;0;0;0;0;-0.925;-0.615;9.83
396;-0.00666667;0.00777778;0.0177778;0;0;0;0;-1.01;-0.67;9.69
397;0.00722222;0.00111111;0.02;0;0;0;0;-1.265;-0.72;9.74
398;-0.0411111;-0.00166667;0.0238889;0;0;0;0;-1.385;-0.86;9.67
399;-0.00444444;0.02;-0.02;0;0;0;0;-1.49;-1.115;9.63
400;0;0.0155556;0.000555556;0;0;0;0;-1.435;-1.115;9.695
401;0;0.03;0.0133333;0;0;0;0;-1.59;-1.12;9.74
402;-0.0177778;0.025;0.01;0;0;0;0;-1.72;-1.095;9.635
403;0.00444444;0.0388889;0.0188889;0;0;0;0;-1.67;-0.97;9.595
404;-0.00833333;0.0261111;-0.015;0;0;0;0;-1.9;-1.05;9.685
405;-0.0105556;0.00666667;-0.0216667;0;0;0;0;-1.755;-1.215;9.66
406;0.00888889;0.0233333;-0.0255556;0;0;0;0;-1.625;-1.185;9.665
407;0.0194444;0.03;-0.0227778;0;0;0;0;-1.385;-1.025;9.775
408;0.00722222;0.0316667;-0.005;0;0;0;0;-1.46;-1.035;9.62
409;0.0433333;0.0244444;-0.03;0;0;0;0;-1.06;-0.69;9.82
410;0.00166667;0.0244444;-0.0172222;0;0;0;0;-0.855;-0.59;9.785
411;0.00777778;0.00888889;0.00111111;0;0;0;0;-0.81;-0.41;9.84
412;-0.0138889;0.00833333;-0.0377778;0;0;0;0;-0.615;-0.41;9.815
413;-0.00888889;0.0244444;-0.0283333;0;0;0;0;-0.415;-0.55;9.88
414;0.0155556;0.00555556;0.0127778;0;0;0;0;-0.37;-0.51;9.86
415;0.0122222;-0.0127778;0;0;0;0;0;-0.255;-0.415;9.845
416;0.0122222;0.01;0.0655556;0;0;0;0;-0.68;-0.29;9.91
417;0.0166667;0.0155556;0.0311111;0;0;0;0;-1.21;-0.26;9.78
418;0.000555556;0.015;-0.0111111;0;0;0;0;-1.29;-0.155;9.805
419;0;0.015;-0.00888889;0;0;0;0;-1.195;-0.16;9.765
420;0.00333333;-0.00222222;-0.0177778;0;0;0;0;-1.16;-0.14;9.84
421;0;0.00333333;-0.0155556;0;0;0;0;-0.88;-0.06;9.83
422;-0.00555556;0.00833333;-0.0372222;0;0;0;0;-0.635;-0.05;9.775
423;-0.0277778;0;-0.0644444;0;0;0;0;-0.2;-0.32;9.64
424;0;0.00666667;-0.0366667;0;0;0;0;0.47;-0.31;9.66
425;0.00222222;-0.00722222;0.0394444;0;0;0;0;0.345;-0.365;9.66
426;-0.0205556;0.00388889;0.0238889;0;0;0;0;0.085;-0.46;9.7
427;-0.0894444;-0.0344444;0.117778;0;0;0;0;-0.645;-0.885;9.71
428;-0.0516667;0.0261111;0.0866667;0;0;0;0;-2.005;-1.71;9.495
429;0.00944444;0.0166667;0.0766667;0;0;0;0;-2.59;-2.05;9.315
430;0.0177778;0.00944444;-0.0194444;0;0;0;0;-3.105;-1.93;9.07
431;-0.00333333;0.0488889;0.0194444;0;0;0;0;-2.945;-1.3;9.18
432;0.00333333;0.01;0.0177778;0;0;0;0;-3.04;-1.23;9.33
433;-0.00111111;0.00333333;0.0188889;0;0;0;0;-3.34;-1.07;9.31
434;0.0272222;0.0211111;0.00333333;0;0;0;0;-3.49;-0.97;9.24
435;0.0244444;0.0188889;-0.0411111;0;0;0;0;-3.375;-0.795;9.33
436;-0.00111111;0.00666667;-0.0811111;0;0;0;0;-2.87;-0.585;9.465
437;-0.00555556;0.0233333;-0.0388889;0;0;0;0;-2.39;-0.56;9.5
438;0.0111111;0.0172222;-0.045;0;0;0;0;-1.97;-0.535;9.67
439;-0.000555556;0.0116667;-0.0322222;0;0;0;0;-1.665;-0.42;9.725
440;0.0272222;-0.00388889;-0.0127778;0;0;0;0;-1.45;-0.255;9.815
441;0.0233333;-0.0238889;-0.0222222;0;0;0;0;-1.075;-0.07;9.845
442;0;-0.0111111;-0.00944444;0;0;0;0;-0.795;0;9.75
443;0.00333333;0.0133333;-0.02;0;0;0;0;-0.99;-0.05;9.79
444;-0.00555556;0;-0.0144444;0;0;0;0;-0.71;-0.09;9.81
445;-0.01;-0.0244444;0.0388889;0;0;0;0;-0.83;-0.21;9.8
446;-0.0388889;0.0111111;0.0677778;0;0;0;0;-1.235;-0.495;9.805
447;0.0133333;0.0144444;-0.00888889;0;0;0;0;-1.36;-0.5;9.8
448;-0.0183333;-0.005;-0.00666667;0;0;0;0;-1.55;-0.895;9.68
449;0.0272222;-0.0116667;-0.0266667;0;0;0;0;-1.305;-0.795;9.89
450;-0.01;-0.015;-0.01;0;0;0;0;-1.145;-0.665;9.64
451;-0.0244444;0;0.00388889;0;0;0;0;-1.085;-1.02;9.735
452;0;0.00611111;-0.0161111;0;0;0;0;-1.035;-1.025;9.82
453;-0.00222222;0.0111111;0.00444444;0;0;0;0;-0.96;-1;9.81
454;0.00777778;0.0144444;0.0133333;0;0;0;0;-1.11;-1.07;9.69
455;0.0188889;0.0283333;-0.00722222;0;0;0;0;-1.015;-1.03;9.805
456;0.0388889;0.000555556;-0.0172222;0;0;0;0;-0.95;-0.64;9.83
457;-0.0111111;-0.0366667;-0.00611111;0;0;0;0;-0.64;-0.615;9.785
458;0.0183333;0.0116667;-0.00444444;0;0;0;0;-0.77;-0.73;9.86
459;-0.00944444;-0.00777778;-0.0522222;0;0;0;0;-0.415;-0.6;9.725
460;0.0144444;0;-0.01;0;0;0;0;-0.205;-0.55;9.87
461;0.00222222;-0.0327778;-0.0316667;0;0;0;0;-0.15;-0.405;9.75
462;0.00166667;-0.015;-0.0338889;0;0;0;0;0.415;-0.365;9.81
463;-0.0222222;0.0188889;0.00111111;0;0;0;0;0.54;-0.43;9.83
464;-0.0766667;-0.0188889;0.135556;0;0;0;0;-0.44;-0.99;9.78
465;-0.0333333;0.03;0.0744444;0;0;0;0;-1.64;-1.73;9.49
466;-0.00555556;0.0272222;0.0833333;0;0;0;0;-2.045;-1.24;9.59
467;0.0155556;0;0.0544444;0;0;0;0;-2.78;-1.09;9.38
468;0.0133333;0.0172222;0.005;0;0;0;0;-3.085;-1.055;9.29
469;-0.0111111;0.00888889;-0.005;0;0;0;0;-2.9;-0.655;9.495
470;-0.03;0.0177778;-0.0844444;0;0;0;0;-2.69;-0.98;9.465
471;-0.0122222;-0.00944444;-0.0366667;0;0;0;0;-1.62;-1.05;9.66
472;-0.00444444;-0.0177778;0.0211111;0;0;0;0;-1.87;-1.1;9.73
473;0.0294444;0.0133333;0.0261111;0;0;0;0;-1.85;-1.205;9.52
474;0.0322222;-0.00777778;-0.00111111;0;0;0;0;-2.07;-0.79;9.6
475;0;0.0188889;-0.0133333;0;0;0;0;-1.86;-0.63;9.68
476;-0.00666667;0.00333333;-0.00555556;0;0;0;0;-1.885;-0.725;9.655
477;-0.0183333;0.0116667;-0.0266667;0;0;0;0;-1.685;-0.78;9.72
478;0.0111111;0.0344444;-0.0255556;0;0;0;0;-1.57;-0.93;9.73
479;0.02;-0.0188889;-0.0611111;0;0;0;0;-0.96;-0.52;9.65
480;0;-0.00555556;-0.0188889;0;0;0;0;-0.74;-0.59;9.65
481;-0.00666667;0;0.00222222;0;0;0;0;-0.855;-0.555;9.74
482;-0.0105556;-0.00611111;-0.025;0;0;0;0;-0.77;-0.71;9.73
483;0.0166667;0.0277778;0.01;0;0;0;0;-0.88;-0.58;9.78
484;0.0227778;0.0155556;-0.0111111;0;0;0;0;-0.645;-0.43;9.785
485;0.00388889;-0.00111111;0.000555556;0;0;0;0;-0.765;-0.21;9.8
486;-0.0255556;0;-0.01;0;0;0;0;-0.8;-0.335;9.725
487;-0.01;0.0188889;-0.00222222;0;0;0;0;-0.64;-0.57;9.77
488;-0.00944444;0.00611111;0.0127778;0;0;0;0;-0.73;-0.565;9.765
489;-0.0122222;-0.0355556;-0.01;0;0;0;0;-0.68;-0.67;9.74
490;0;0.00666667;0.0205556;0;0;0;0;-0.775;-0.745;9.74
491;-0.0272222;-0.00777778;0.03;0;0;0;0;-1.03;-0.855;9.745
492;0.0194444;-0.0277778;-0.0272222;0;0;0;0;-0.905;-0.97;9.795
493;0.0105556;0.0277778;0.00222222;0;0;0;0;-0.865;-0.845;9.68
494;-0.000555556;0.00888889;0.0311111;0;0;0;0;-1.045;-0.695;9.625
495;-0.00888889;-0.00333333;0.0233333;0;0;0;0;-1.4;-0.79;9.7
496;-0.00666667;0.00611111;0.00833333;0;0;0;0;-1.36;-1;9.63
497;-0.0383333;-0.0127778;-0.00555556;0;0;0;0;-1.58;-1.135;9.59
498;0.00333333;-0.0222222;0;0;0;0;0;-1.49;-1.4;9.61
499;0.0222222;0;0.0288889;0;0;0;0;-1.56;-1.26;9.62
500;0.035;0.00444444;0.0277778;0;0;0;0;-2.245;-0.56;9.58
501;0.0183333;0.0283333;-0.0138889;0;0;0;0;-2.015;-0.52;9.56
502;-0.0266667;0;0.00111111;0;0;0;0;-1.97;-0.51;9.55
503;-0.0511111;0.00222222;0.0311111;0;0;0;0;-2.08;-0.97;9.55
504;-0.0133333;0;-0.0161111;0;0;0;0;-2.315;-0.94;9.555
505;0.02;-0.0183333;-0.0733333;0;0;0;0;-1.97;-1.075;9.605
506;0.00166667;0;-0.00666667;0;0;0;0;-1.42;-1.015;9.74
507;-0.00166667;0.02;0.00611111;0;0;0;0;-1.33;-0.905;9.645
508;0.00555556;0.005;-0.0188889;0;0;0;0;-1.25;-0.785;9.655
509;-0.00222222;0.0222222;-0.0283333;0;0;0;0;-1.13;-0.805;9.66
510;-0.000555556;0.025;-0.00611111;0;0;0;0;-0.785;-0.755;9.665
511;-0.00944444;0.0138889;0.00166667;0;0;0;0;-0.835;-0.86;9.705
512;0.00333333;0.0244444;0.0322222;0;0;0;0;-1.01;-0.88;9.81
513;0.00888889;0.0133333;0.00888889;0;0;0;0;-1.25;-0.825;9.625
514;-0.00777778;0.00777778;0;0;0;0;0;-1.21;-0.74;9.83
515;0.0144444;0.00833333;0.00444444;0;0;0;0;-1.155;-0.72;9.73
516;0.0144444;0.00833333;0.00666667;0;0;0;0;-1.46;-0.645;9.685
517;0.02;0.00111111;-0.0144444;0;0;0;0;-1.32;-0.39;9.84
518;0.00944444;-0.000555556;0.000555556;0;0;0;0;-1.345;-0.345;9.715
519;-0.00111111;0.00222222;0.0211111;0;0;0;0;-1.45;-0.33;9.73
520;-0.00888889;0.00833333;0.0205556;0;0;0;0;-1.55;-0.365;9.75
521;0.0111111;0.00888889;-0.00166667;0;0;0;0;-1.69;-0.405;9.765
522;0.00111111;0;-0.00888889;0;0;0;0;-1.7;-0.24;9.75
523;0.00333333;0.00777778;0.00444444;0;0;0;0;-1.43;-0.24;9.64
524;-0.00722222;-0.00444444;-0.00833333;0;0;0;0;-1.325;-0.31;9.605
525;-0.0188889;-0.00777778;-0.0466667;0;0;0;0;-1.14;-0.39;9.75
526;0.00833333;0.0205556;-0.005;0;0;0;0;-1.07;-0.525;9.795
527;0.0205556;0.00611111;-0.0177778;0;0;0;0;-0.875;-0.325;9.73
528;-0.00666667;-0.0144444;-0.0166667;0;0;0;0;-0.635;-0.26;9.865
529;0.000555556;-0.0122222;0.00833333;0;0;0;0;-0.68;-0.345;9.825
531;0.00444444;-0.01;-0.0277778;0;0;0;0;-0.89;-0.32;9.93
532;0.00611111;-0.0116667;0.00277778;0;0;0;0;-0.79;-0.33;9.84
533;0.00166667;-0.01;0.0255556;0;0;0;0;-0.87;-0.24;9.78
534;0.00111111;0.0438889;-0.0266667;0;0;0;0;-1.03;-0.28;9.83
535;0.00333333;0.0122222;0.00111111;0;0;0;0;-0.65;-0.225;9.86
536;-0.0116667;-0.0338889;-0.0311111;0;0;0;0;-0.765;-0.31;9.92
537;-0.0144444;-0.0183333;-0.00166667;0;0;0;0;-0.5;-0.29;9.795
538;-0.0522222;0.00555556;0.0444444;0;0;0;0;-0.64;-0.64;9.875
539;0.0238889;0.0116667;-0.00222222;0;0;0;0;-1.08;-0.98;9.805
540;0.0272222;0.00555556;0.0355556;0;0;0;0;-1.05;-0.7;9.78
541;-0.0177778;-0.0166667;0.0283333;0;0;0;0;-1.51;-0.585;9.825
542;-0.0205556;0.00555556;0.0255556;0;0;0;0;-1.75;-0.86;9.685
543;-0.000555556;0.0227778;0.045;0;0;0;0;-2.03;-0.9;9.705
544;-0.00222222;0.0272222;-0.0533333;0;0;0;0;-2.275;-0.765;9.635
545;0.00222222;-0.0183333;-0.0638889;0;0;0;0;-1.855;-0.795;9.745
546;-0.0283333;-0.0461111;-0.0533333;0;0;0;0;-0.945;-1.025;9.77
547;0.0144444;0.0455556;-0.0133333;0;0;0;0;-0.62;-1.05;9.72
548;0.0622222;0.0977778;-0.0311111;0;0;0;0;-0.42;-0.88;9.83
549;0.0616667;0.0194444;-0.0233333;0;0;0;0;-0.015;-0.505;9.7
550;-0.0261111;0.0377778;-0.0277778;0;0;0;0;-0.205;0.195;9.825
551;-0.0144444;-0.0294444;-0.0127778;0;0;0;0;-0.18;0.18;9.83
552;-0.0383333;-0.0522222;0.0211111;0;0;0;0;-0.13;-0.09;9.69
553;-0.0633333;0;0.00388889;0;0;0;0;-0.23;-0.425;9.765
554;-0.0288889;-0.00833333;0.0572222;0;0;0;0;-0.59;-0.875;9.825
555;0.0355556;0.0322222;0.107778;0;0;0;0;-1.35;-0.9;9.6
556;0.01;0.00444444;0.00722222;0;0;0;0;-1.86;-0.685;9.655
557;0.0216667;-0.00333333;0.00166667;0;0;0;0;-1.715;-0.505;9.64
558;-0.00333333;-0.0155556;-0.00444444;0;0;0;0;-1.865;-0.205;9.675
559;0.0105556;0.0305556;-0.0255556;0;0;0;0;-1.745;-0.25;9.635
560;-0.0311111;-0.0105556;-0.04;0;0;0;0;-1.41;-0.345;9.725
561;-0.0366667;0.0566667;-0.0805556;0;0;0;0;-0.71;-0.65;9.635
562;-0.00111111;0.00111111;-0.0205556;0;0;0;0;0.005;-0.74;9.72
563;0.0116667;0.005;-0.0227778;0;0;0;0;-0.105;-0.65;9.775
564;0.0177778;0.0161111;-0.02;0;0;0;0;0.305;-0.4;9.755
565;0.0155556;-0.00888889;0.0555556;0;0;0;0;0.135;-0.36;9.745
566;-0.0116667;-0.0127778;0.0444444;0;0;0;0;-0.295;-0.305;9.785
567;0;0.0166667;0.0433333;0;0;0;0;-0.72;-0.31;9.78
568;0.0133333;0.0144444;0.0133333;0;0;0;0;-0.76;-0.31;9.705
569;0.00555556;-0.00333333;0.00833333;0;0;0;0;-0.78;-0.185;9.745
570;-0.00277778;0.00333333;0.0244444;0;0;0;0;-0.98;0.015;9.795
571;0.0111111;0.0188889;0.0233333;0;0;0;0;-1.32;-0.12;9.71
572;-0.0261111;-0.0294444;0.025;0;0;0;0;-1.37;-0.125;9.725
573;0.0122222;-0.00388889;0.00722222;0;0;0;0;-2.15;-0.535;9.65
574;0.00722222;0.00666667;-0.00333333;0;0;0;0;-2.27;-0.3;9.665
575;0;0.0177778;-0.00777778;0;0;0;0;-1.96;-0.31;9.55
576;-0.0127778;0;-0.0466667;0;0;0;0;-1.915;-0.24;9.67
577;0.0238889;0.00388889;-0.0494444;0;0;0;0;-1.28;-0.16;9.735
578;-0.00222222;0.0194444;-0.0261111;0;0;0;0;-1.07;-0.14;9.78
579;0.00222222;-0.00111111;0.0172222;0;0;0;0;-0.84;-0.255;9.885
580;-0.00611111;-0.0255556;0.17;0;0;0;0;-1.59;-0.13;9.6
581;-0.00222222;0.0122222;0.0455556;0;0;0;0;-2.95;-0.49;9.23
582;0.0111111;0.01;0.0188889;0;0;0;0;-3.38;-0.27;9.24
583;0.00555556;0.0155556;-0.0211111;0;0;0;0;-3.42;-0.33;9.32
584;0.00166667;0.00722222;-0.0311111;0;0;0;0;-3.17;-0.17;9.315
585;0.0172222;-0.00333333;-0.08;0;0;0;0;-2.585;-0.07;9.5
586;-0.00555556;0.0222222;-0.0922222;0;0;0;0;-1.88;-0.02;9.68
587;-0.0194444;0;-0.0644444;0;0;0;0;-0.905;-0.27;9.72
588;-0.005;0.005;-0.09;0;0;0;0;-0.3;-0.32;9.615
589;0.0155556;0.0127778;-0.02;0;0;0;0;0.375;-0.305;9.79
590;-0.00388889;-0.02;-0.0333333;0;0;0;0;0.575;-0.195;9.75
591;0.00277778;0.00555556;-0.00166667;0;0;0;0;0.66;-0.155;9.675
592;0.00888889;0.00666667;-0.00277778;0;0;0;0;0.73;-0.19;9.665
593;-0.000555556;0.00777778;0.0527778;0;0;0;0;0.6;-0.09;9.665
594;-0.0122222;0;0.116111;0;0;0;0;-0.2;-0.18;9.615
595;0.00277778;-0.0127778;0.0177778;0;0;0;0;-0.91;-0.175;9.725
596;-0.0172222;0.00444444;0.02;0;0;0;0;-1.27;-0.175;9.745
597;-0.02;0.0166667;0.0283333;0;0;0;0;-1.465;-0.615;9.72
598;0;-0.00666667;0.0311111;0;0;0;0;-1.565;-0.495;9.61
599;0.00666667;0.0116667;0.0294444;0;0;0;0;-2.525;-0.62;9.495
600;0.03;0.0277778;0.06;0;0;0;0;-2.6;-0.42;9.62
601;0.0111111;-0.0133333;0.0111111;0;0;0;0;-3.08;-0.1;9.38
602;-0.0244444;0.0222222;-0.0177778;0;0;0;0;-3.12;-0.04;9.38
603;-0.0166667;0.0255556;-0.0644444;0;0;0;0;-2.8;-0.08;9.47
604;-0.0116667;0.0372222;-0.0833333;0;0;0;0;-2.445;-0.235;9.625
605;0.00333333;-0.0105556;-0.055;0;0;0;0;-1.48;-0.345;9.725
606;0.0177778;-0.0122222;-0.05;0;0;0;0;-0.98;-0.215;9.715
607;-0.00777778;0.00111111;-0.0133333;0;0;0;0;-0.675;-0.21;9.755
608;0.0255556;0.0166667;-0.00111111;0;0;0;0;-0.62;-0.15;9.81
609;-0.0222222;0.00777778;-0.00666667;0;0;0;0;-0.68;-0.18;9.82
610;-0.00666667;0.0122222;-0.0277778;0;0;0;0;-0.28;-0.32;9.85
611;-0.00333333;0.0166667;-0.00722222;0;0;0;0;-0.3;-0.465;9.76
612;0.00111111;0.0405556;0.005;0;0;0;0;-0.265;-0.585;9.795
613;0.00111111;0.0244444;0.00777778;0;0;0;0;-0.32;-0.64;9.815
614;0.0111111;0.0255556;0.00888889;0;0;0;0;-0.49;-0.58;9.73
615;-0.00833333;0.00111111;-0.00722222;0;0;0;0;-0.32;-0.65;9.875
616;-0.0194444;0.00111111;0.0594444;0;0;0;0;-0.455;-0.685;9.735
617;-0.0122222;0.045;0.0244444;0;0;0;0;-1.01;-0.9;9.85
618;0.00555556;0.0688889;-0.0238889;0;0;0;0;-0.86;-1.025;9.8
619;0.0333333;0.0311111;-0.0138889;0;0;0;0;-0.735;-0.685;9.78
620;0.0333333;0.0294444;0.00777778;0;0;0;0;-0.625;-0.395;9.685
621;0.0105556;-0.00388889;-0.0111111;0;0;0;0;-0.545;-0.305;9.775
622;0.00333333;0.0177778;0.00111111;0;0;0;0;-0.65;-0.18;9.75
623;-0.00666667;0.00111111;-0.00777778;0;0;0;0;-0.64;-0.2;9.74
624;0.00666667;0;0.0166667;0;0;0;0;-0.71;-0.16;9.89
625;0.00333333;0.0155556;0.00111111;0;0;0;0;-0.85;-0.1;9.84
626;0.0183333;0.00666667;0.0105556;0;0;0;0;-1.03;-0.03;9.8
627;0.0133333;-0.015;0.0272222;0;0;0;0;-1.13;0.275;9.8
628;0.0161111;0.04;0.0561111;0;0;0;0;-1.555;0.275;9.75
629;0.03;0.0255556;0.0333333;0;0;0;0;-2.06;0.66;9.4
630;-0.0516667;-0.0527778;-0.0316667;0;0;0;0;-2.19;0.595;9.625
631;-0.00222222;-0.0355556;-0.0444444;0;0;0;0;-2.5;-0.04;9.61
632;-0.0288889;0.0333333;0;0;0;0;0;-2.02;-0.36;9.58
633;0.00444444;0;-0.0166667;0;0;0;0;-2.32;-0.485;9.725
634;0.0105556;0.0216667;-0.0672222;0;0;0;0;-1.745;-0.45;9.6
635;-0.00333333;0.0372222;-0.00111111;0;0;0;0;-1.495;-0.65;9.785
636;0;-0.0177778;-0.0172222;0;0;0;0;-1.335;-0.355;9.8
637;-0.000555556;0.0144444;-0.0477778;0;0;0;0;-1.135;-0.41;9.92
638;-0.00111111;0.0272222;0.0177778;0;0;0;0;-0.855;-0.685;9.795
639;0.000555556;0.015;0.0211111;0;0;0;0;-0.97;-0.63;9.8
640;0.03;0.0155556;0.0277778;0;0;0;0;-1.21;-0.47;9.81
641;0.0422222;-0.00722222;0.0927778;0;0;0;0;-2.09;0.2;9.49
642;-0.02;-0.00722222;0.0272222;0;0;0;0;-2.62;0.2;9.57
643;-0.0455556;0.00444444;-0.0661111;0;0;0;0;-2.415;0.035;9.61
644;-0.0177778;-0.0138889;-0.045;0;0;0;0;-1.67;-0.575;9.675
645;0.02;0.00111111;0.00333333;0;0;0;0;-1.6;-0.56;9.625
646;-0.00666667;-0.00333333;-0.0155556;0;0;0;0;-1.515;-0.39;9.67
647;-0.00666667;-0.00166667;-0.0277778;0;0;0;0;-1.03;0.085;9.795
648;-0.00944444;-0.0105556;-0.00777778;0;0;0;0;-0.98;0.12;9.83
649;-0.045;-0.01;0.0305556;0;0;0;0;-0.895;-0.195;9.64
650;-0.0538889;0.00666667;0.0222222;0;0;0;0;-1.275;-0.63;9.725
651;0.00222222;0.0205556;-0.0322222;0;0;0;0;-1.17;-0.8;9.78
652;0.0627778;0.00611111;-0.0672222;0;0;0;0;-0.54;-0.48;9.705
653;-0.01;0;0.0166667;0;0;0;0;-0.54;-0.22;9.69
654;0.00388889;0.0355556;-0.0316667;0;0;0;0;-0.51;-0.44;9.69
655;-0.00111111;-0.0144444;-0.035;0;0;0;0;-0.06;-0.295;9.805
656;-0.015;-0.00666667;0;0;0;0;0;0.15;-0.47;9.74
657;0.0316667;0.0211111;0.0588889;0;0;0;0;-0.1;-0.44;9.8
658;0.01;-0.00222222;0.0277778;0;0;0;0;-0.42;-0.1;9.71
659;-0.015;0.00111111;0.00388889;0;0;0;0;-0.445;-0.275;9.86
660;0.00222222;0.00444444;0.0222222;0;0;0;0;-0.72;-0.29;9.8
661;0.0311111;0.00944444;0.0811111;0;0;0;0;-1.12;-0.355;9.79
662;0.0111111;0.0122222;0.0144444;0;0;0;0;-1.54;0.12;9.675
663;0.0222222;0.0144444;0.0294444;0;0;0;0;-1.77;0.345;9.7
664;-0.00666667;0.00666667;0.00777778;0;0;0;0;-1.85;0.38;9.65
665;0.03;0.0222222;0.0694444;0;0;0;0;-1.94;0.405;9.565
666;0.111111;0.0466667;0.195556;0;0;0;0;-3.16;1.575;9.08
667;0.00666667;0.0127778;-0.0277778;0;0;0;0;-3.315;1.855;8.935
668;-0.0227778;0.0255556;-0.0422222;0;0;0;0;-2.93;1.65;9.165
669;-0.0455556;-0.0155556;-0.0511111;0;0;0;0;-2.5;1.49;9.22
670;-0.0388889;-0.0366667;-0.0611111;0;0;0;0;-1.94;0.94;9.46
671;-0.0294444;-0.0183333;-0.03;0;0;0;0;-1.55;0.69;9.65
672;-0.0155556;0.00222222;0.0538889;0;0;0;0;-1.405;0.48;9.675
673;-0.00833333;0.0172222;0.0222222;0;0;0;0;-2.14;0.08;9.485
674;0;0.005;0.0433333;0;0;0;0;-2.4;0.075;9.49
675;-0.000555556;0.0166667;0.04;0;0;0;0;-3.045;0.01;9.21
676;0.0111111;0.0155556;0;0;0;0;0;-3.12;0.17;9.32
677;-0.00833333;0.0277778;-0.0122222;0;0;0;0;-2.82;-0.005;9.355
678;-0.00611111;0.015;-0.00166667;0;0;0;0;-2.44;0.035;9.6
679;0.0111111;0.0305556;-0.0366667;0;0;0;0;-2.13;0.06;9.56
680;-0.00611111;0.015;-0.0588889;0;0;0;0;-1.575;0.14;9.675
681;-0.00333333;0.0444444;-0.02;0;0;0;0;-1.1;0.06;9.62
682;0;-0.00222222;-0.00166667;0;0;0;0;-1.055;0.125;9.73
683;0;0.0127778;0;0;0;0;0;-1.095;0.08;9.685
684;0.00388889;0.0233333;0.00944444;0;0;0;0;-1.045;-0.01;9.745
685;0.00222222;0.0133333;0.00555556;0;0;0;0;-1.145;0.095;9.78
686;-0.00333333;0.0316667;-0.00277778;0;0;0;0;-1.11;0.065;9.695
687;-0.000555556;0.015;-0.00444444;0;0;0;0;-1.03;0.165;9.72
688;-0.00388889;0.0316667;-0.01;0;0;0;0;-0.835;0.16;9.72
689;-0.00388889;0.03;-0.00444444;0;0;0;0;-1.015;0.195;9.73
690;0.000555556;0.0327778;-0.00944444;0;0;0;0;-0.865;0.02;9.75
691;0.00222222;0.0266667;-0.00777778;0;0;0;0;-0.65;0.21;9.82
692;-0.00111111;0.0133333;-0.0277778;0;0;0;0;-0.795;0.32;9.835
693;0;0.01;0;0;0;0;0;-0.68;0.26;9.77
694;0.00166667;0.0222222;-0.00666667;0;0;0;0;-0.62;0.23;9.785
695;0.00555556;0.0133333;-0.000555556;0;0;0;0;-0.615;0.345;9.765
696;0.00944444;0.0205556;-0.000555556;0;0;0;0;-0.555;0.44;9.77
697;0.00277778;0.0105556;0;0;0;0;0;-0.505;0.455;9.79
698;0;0.0177778;0;0;0;0;0;-0.53;0.48;9.78
699;-0.00722222;0.00777778;-0.00111111;0;0;0;0;-0.6;0.47;9.75
700;0.00222222;0.00888889;-0.00222222;0;0;0;0;-0.585;0.46;9.67
701;0.0105556;-0.00333333;-0.00222222;0;0;0;0;-0.52;0.52;9.775
702;-0.005;0.00777778;-0.0172222;0;0;0;0;-0.565;0.48;9.755
703;0.00166667;-0.00833333;-0.00222222;0;0;0;0;-0.46;0.625;9.725
704;-0.00444444;0;0.00444444;0;0;0;0;-0.53;0.6;9.74
705;0;0;-0.00111111;0;0;0;0;-0.53;0.51;9.78
706;0.00777778;0.0111111;-0.0122222;0;0;0;0;-0.4;0.48;9.76
707;-0.00333333;0;-0.00888889;0;0;0;0;-0.245;0.51;9.76
708;0.005;0.0227778;0.0105556;0;0;0;0;-0.345;0.39;9.745
709;0.0116667;0.0277778;0.0155556;0;0;0;0;-0.295;0.59;9.785
710;-0.00388889;0.108889;-0.025;0;0;0;0;0;0.64;9.805
711;0;0.0422222;-0.00888889;0;0;0;0;-0.35;0.62;9.79
712;0.0288889;0.00111111;-0.00111111;0;0;0;0;-0.17;0.55;9.98
713;0.00888889;0.01;-0.00222222;0;0;0;0;-0.14;0.54;9.84
714;0.0172222;0;-0.00722222;0;0;0;0;-0.045;0.55;9.83
715;0.00111111;-0.0183333;0.000555556;0;0;0;0;0.02;0.57;9.895
716;0.07;-0.0122222;0.00444444;0;0;0;0;-0.01;1.01;9.67
717;0.0677778;-0.0611111;0.0588889;0;0;0;0;0.61;1.5;9.63
718;0.0283333;0.02;0.0466667;0;0;0;0;-0.105;2.12;9.535
719;-0.00333333;0.0144444;0.0211111;0;0;0;0;-0.32;2.36;9.43
720;-0.00333333;0.0366667;0.00722222;0;0;0;0;-0.515;2.31;9.58
721;-0.0138889;0.0283333;-0.0327778;0;0;0;0;-0.23;2.135;9.545
722;0.0177778;0.02;-0.00777778;0;0;0;0;0.02;2.18;9.57
723;-0.0244444;0.02;-0.04;0;0;0;0;0.35;2.09;9.43
724;-0.0672222;0.0161111;-0.0583333;0;0;0;0;0.71;2.015;9.65
725;-0.0633333;0.000555556;-0.0755556;0;0;0;0;1.8;1.13;9.455
726;-0.0127778;0.0494444;-0.0522222;0;0;0;0;2.325;0.935;9.315
727;0.0238889;0.0738889;-0.0138889;0;0;0;0;2.8;0.65;9.435
728;0.000555556;0.035;0.0244444;0;0;0;0;2.815;0.76;9.3
729;-0.00888889;-0.126111;0.295556;0;0;0;0;0.91;0.48;9.755
730;0.0233333;-0.0177778;-0.143333;0;0;0;0;0.36;0.69;9.79
731;0.200556;0.075;-0.323889;0;0;0;0;1.68;1.3;9.4
732;0.00111111;-0.0283333;-0.0444444;0;0;0;0;2.75;2.015;9.05
733;-0.00444444;-0.00666667;0.0155556;0;0;0;0;3.04;2.25;8.83
734;-0.0144444;-0.0188889;0.0238889;0;0;0;0;2.76;2.075;9.065
735;-0.04;-0.0777778;0.0227778;0;0;0;0;2.505;2.04;9.205
736;-0.143333;-0.0338889;0.142778;0;0;0;0;0.995;0.85;9.705
737;-0.0216667;0.0327778;0.0416667;0;0;0;0;0.06;0.175;9.82
738;0.00388889;0.00111111;0.0194444;0;0;0;0;-0.045;0.12;9.86
739;-0.0138889;0.00166667;0.0227778;0;0;0;0;-0.265;0.125;9.81
740;0.00666667;-0.025;0.0366667;0;0;0;0;-0.47;0.01;9.715
741;-0.00722222;0.0144444;0.00222222;0;0;0;0;-0.855;-0.005;9.735
742;-0.000555556;0.00555556;-0.00444444;0;0;0;0;-0.94;-0.16;9.71
743;0.0122222;0.0144444;-0.005;0;0;0;0;-0.835;-0.09;9.765
744;0.0233333;0.0322222;0.005;0;0;0;0;-0.87;0.255;9.76
745;0.00222222;0.00222222;-0.0211111;0;0;0;0;-0.74;0.315;9.745
746;0.0311111;-0.0166667;0.00222222;0;0;0;0;-0.785;0.455;9.8
747;-0.00666667;0.025;0.00111111;0;0;0;0;-0.805;0.615;9.7
748;0.00222222;-0.0133333;0.0277778;0;0;0;0;-0.97;0.66;9.9
749;0;0;-0.00777778;0;0;0;0;-0.77;0.84;9.63
750;0.0233333;0.0211111;0;0;0;0;0;-0.61;0.88;9.75
751;0.0277778;0.00444444;0.00666667;0;0;0;0;-1.07;1.1;9.62
752;0.00333333;0.00555556;0.00888889;0;0;0;0;-1.1;1.14;9.71
753;0.0111111;0.00777778;-0.00444444;0;0;0;0;-0.94;1.26;9.67
754;-0.00333333;-0.00277778;0.00555556;0;0;0;0;-1.095;1.405;9.595
755;0.00611111;0.00388889;0.0222222;0;0;0;0;-1.205;1.37;9.585
756;0.00777778;0.00166667;-0.025;0;0;0;0;-1.075;1.45;9.605
757;0.0122222;0.005;-0.0116667;0;0;0;0;-0.89;1.515;9.56
758;0.0222222;-0.045;0.0183333;0;0;0;0;-0.935;1.77;9.58
759;0.00555556;-0.0188889;0.0272222;0;0;0;0;-1.09;1.975;9.425
760;0.0111111;0.0155556;0.00444444;0;0;0;0;-1.36;2.035;9.39
761;0.0383333;-0.0172222;0.0383333;0;0;0;0;-1.48;2.265;9.44
762;0.00555556;0.0144444;0.00333333;0;0;0;0;-1.77;2.33;9.23
763;-0.000555556;-0.00222222;-0.0166667;0;0;0;0;-1.695;2.33;9.27
764;0.0122222;0.0144444;-0.0238889;0;0;0;0;-1.41;2.445;9.275
765;0.0166667;-0.00833333;-0.00833333;0;0;0;0;-1.235;2.53;9.275
766;0.005;-0.005;-0.0122222;0;0;0;0;-1.09;2.59;9.27
767;-0.0144444;-0.0261111;0.0122222;0;0;0;0;-1.12;2.735;9.32
768;-0.0172222;-0.0422222;0.0438889;0;0;0;0;-1.435;2.215;9.255
769;-0.0222222;0.00722222;0.0311111;0;0;0;0;-1.92;1.94;9.315
770;0.00333333;-0.00611111;-0.01;0;0;0;0;-2.165;1.93;9.305
771;-0.02;0.0327778;0.0488889;0;0;0;0;-2.075;1.97;9.31
772;0.0155556;-0.00777778;-0.0205556;0;0;0;0;-2.265;2.015;9.34
773;-0.00666667;0.0194444;-0.0544444;0;0;0;0;-1.685;1.85;9.42
774;-0.0261111;0.00944444;-0.0172222;0;0;0;0;-1.305;1.74;9.59
775;-0.00111111;0.00944444;-0.0372222;0;0;0;0;-1.13;1.48;9.545
776;-0.0166667;-0.0127778;-0.0116667;0;0;0;0;-0.81;1.54;9.625
777;-0.0122222;-0.00888889;-0.00611111;0;0;0;0;-0.73;1.3;9.62
778;-0.0105556;-0.005;-0.00333333;0;0;0;0;-0.75;1.305;9.66
779;-0.0183333;0.00111111;0;0;0;0;0;-0.795;1.225;9.69
780;-0.00333333;0.02;0.0155556;0;0;0;0;-0.845;0.96;9.71
781;0.000555556;0.0155556;0.0122222;0;0;0;0;-0.92;0.945;9.67
782;0.00388889;0.0261111;0.00888889;0;0;0;0;-0.955;1.14;9.66
783;0.0466667;0.0677778;0.07;0;0;0;0;-1.175;1.44;9.535
784;0.0333333;-0.0288889;0.0133333;0;0;0;0;-1.505;1.46;9.49
785;0.00222222;0.0144444;0.0283333;0;0;0;0;-1.495;1.52;9.515
786;-0.0166667;-0.0111111;-0.00333333;0;0;0;0;-1.55;1.42;9.57
787;0;0.0266667;-0.02;0;0;0;0;-1.62;1.42;9.51
788;0.0161111;-0.00333333;-0.0427778;0;0;0;0;-1.33;1.6;9.59
789;0.0222222;-0.00222222;0.0111111;0;0;0;0;-1.12;1.8;9.58
790;-0.00555556;-0.00444444;-0.0322222;0;0;0;0;-0.96;1.84;9.6
791;-0.00277778;-0.0155556;-0.0116667;0;0;0;0;-0.875;1.615;9.67
792;-0.0244444;-0.035;-0.00166667;0;0;0;0;-0.725;1.555;9.705
793;0;0.00333333;0.00777778;0;0;0;0;-0.69;1.35;9.66
794;0.00944444;0.00722222;-0.0261111;0;0;0;0;-0.745;1.47;9.68
795;-0.00777778;-0.0144444;-0.0177778;0;0;0;0;-0.45;1.585;9.575
796;0;-0.0166667;-0.0372222;0;0;0;0;-0.235;1.49;9.695
797;-0.0161111;-0.00388889;-0.00722222;0;0;0;0;-0.165;1.475;9.58
798;-0.0244444;0.00555556;-0.0261111;0;0;0;0;0.065;1.255;9.76
799;-0.00833333;-0.00611111;0.00555556;0;0;0;0;0.14;1.14;9.73
800;0.0155556;-0.0105556;0.0155556;0;0;0;0;0.06;1.215;9.72
801;-0.00388889;-0.00888889;-0.0177778;0;0;0;0;0.155;1.2;9.68
802;-0.000555556;-0.000555556;0.0155556;0;0;0;0;0.28;1.165;9.785
803;-0.00277778;0.0105556;0.0194444;0;0;0;0;-0.115;1.06;9.715
804;-0.00555556;0.0333333;0.01;0;0;0;0;-0.24;0.96;9.76
805;0.00111111;0.00777778;0.00222222;0;0;0;0;-0.12;0.95;9.735
806;-0.00222222;0.00333333;0;0;0;0;0;-0.1;1.03;9.77
807;-0.00333333;-0.00444444;0.00888889;0;0;0;0;-0.26;1.03;9.81
808;0.00222222;0.00555556;0.00333333;0;0;0;0;-0.38;0.98;9.81
809;-0.0111111;-0.00333333;-0.00222222;0;0;0;0;-0.2;0.99;9.73
810;-0.0116667;0.0105556;0.0177778;0;0;0;0;-0.355;0.88;9.8
811;0.00277778;0.00222222;-0.000555556;0;0;0;0;-0.47;0.885;9.845
812;0.00888889;0.015;-0.00166667;0;0;0;0;-0.355;0.87;9.705
813;0.0177778;0.0194444;-0.0272222;0;0;0;0;-0.23;1.035;9.73
814;0.00444444;-0.00888889;-0.00666667;0;0;0;0;-0.12;0.99;9.76
815;-0.00111111;-0.000555556;0.00388889;0;0;0;0;0.005;0.96;9.795
816;0.00833333;0.000555556;-0.0116667;0;0;0;0;-0.015;0.975;9.795
817;0.00111111;-0.00277778;-0.00222222;0;0;0;0;0.105;1.055;9.765
818;-0.00111111;0.01;0.02;0;0;0;0;0.07;0.96;9.79
819;0.00888889;0.00444444;0.00944444;0;0;0;0;-0.2;1.175;9.8
820;-0.00722222;0.00111111;0.00388889;0;0;0;0;-0.185;1.125;9.655
821;0.00111111;0.005;0;0;0;0;0;-0.165;1.11;9.705
822;0;0.01;-0.00777778;0;0;0;0;-0.24;1.1;9.825
823;-0.00833333;-0.00444444;0.00722222;0;0;0;0;-0.245;1.115;9.72
824;-0.00166667;-0.0111111;0.00111111;0;0;0;0;-0.28;1.15;9.695
825;-0.0111111;0.00222222;-0.00222222;0;0;0;0;-0.21;1.01;9.69
826;-0.00444444;0.00777778;0.00888889;0;0;0;0;-0.24;0.89;9.72
827;0.00222222;0.0111111;-0.0194444;0;0;0;0;-0.2;0.875;9.7
828;-0.01;0.00666667;-0.00444444;0;0;0;0;-0.03;0.95;9.74
829;-0.00222222;0.00111111;0.015;0;0;0;0;-0.11;0.775;9.775
830;-0.00333333;0.00222222;-0.0116667;0;0;0;0;-0.135;0.775;9.715
831;-0.00222222;0.00555556;0.00277778;0;0;0;0;-0.01;0.75;9.74
832;0.00777778;0;0.00777778;0;0;0;0;-0.195;0.705;9.75
833;-0.00111111;-0.00611111;-0.00333333;0;0;0;0;-0.16;0.735;9.69
834;-0.0133333;-0.00722222;0.00944444;0;0;0;0;-0.265;0.725;9.765
835;0;0.000555556;0;0;0;0;0;-0.305;0.535;9.765
836;0.00166667;0.00166667;0.0122222;0;0;0;0;-0.32;0.565;9.745
837;0;-0.00111111;-0.00555556;0;0;0;0;-0.33;0.64;9.69
838;0.00388889;0.000555556;0.000555556;0;0;0;0;-0.25;0.54;9.755
839;-0.00277778;0.00944444;0.00611111;0;0;0;0;-0.35;0.575;9.83
840;-0.00222222;0.00444444;-0.01;0;0;0;0;-0.37;0.57;9.73
841;-0.0138889;0.00555556;-0.00777778;0;0;0;0;-0.235;0.455;9.83
842;-0.00444444;0;0.01;0;0;0;0;-0.14;0.45;9.74
843;-0.00166667;0.01;-0.00611111;0;0;0;0;-0.265;0.395;9.775
844;-0.00222222;0.00555556;0.00444444;0;0;0;0;-0.09;0.26;9.83
845;-0.00388889;0.00611111;-0.00222222;0;0;0;0;-0.22;0.24;9.73
846;-0.00888889;0.00111111;0;0;0;0;0;-0.24;0.23;9.82
847;-0.00277778;0.00666667;0.01;0;0;0;0;-0.25;0.195;9.73
848;0.0127778;0.00611111;0;0;0;0;0;-0.315;0.21;9.8
849;-0.00333333;0;-0.000555556;0;0;0;0;-0.29;0.24;9.71
850;-0.00833333;0.00833333;0.0116667;0;0;0;0;-0.38;0.285;9.74
851;0.00722222;0;-0.00388889;0;0;0;0;-0.345;0.225;9.7
852;0.00444444;0.0166667;0.00555556;0;0;0;0;-0.245;0.08;9.82
853;0.00222222;-0.00666667;-0.00333333;0;0;0;0;-0.4;0.22;9.74
854;0.0122222;-0.00777778;-0.00666667;0;0;0;0;-0.27;0.2;9.75
855;-0.0166667;0.00111111;0.0222222;0;0;0;0;-0.37;0.18;9.74
856;0.00888889;-0.0155556;-0.00333333;0;0;0;0;-0.34;0.31;9.795
857;0.00166667;0.00611111;-0.01;0;0;0;0;-0.15;0.265;9.82
858;0.00444444;0.0433333;0.00611111;0;0;0;0;-0.115;0.275;9.9
859;0.01;0.00166667;-0.0172222;0;0;0;0;-0.145;0.275;9.77
860;0.00111111;0.0383333;-0.00888889;0;0;0;0;-0.24;0.45;9.725
861;0.0166667;-0.00222222;-0.02;0;0;0;0;0.03;0.46;9.76
862;0.0138889;0.00833333;-0.0233333;0;0;0;0;0.125;0.58;9.78
863;-0.0122222;0.000555556;-0.00277778;0;0;0;0;0.32;0.65;9.775
864;0.00166667;0.0533333;0.005;0;0;0;0;0.435;0.64;9.88
865;0.00722222;0.0433333;-0.0105556;0;0;0;0;0.465;0.695;9.705
866;0.0111111;0.0366667;0.0222222;0;0;0;0;0.35;0.66;9.74
867;0.0272222;0.0316667;0.0161111;0;0;0;0;0.24;0.64;9.775
868;-0.0361111;-0.0161111;-0.0116667;0;0;0;0;0.255;0.755;9.705
869;0.02;0.00833333;0.00833333;0;0;0;0;0.24;0.63;9.815
870;-0.00833333;0.00722222;0.00166667;0;0;0;0;0.12;0.845;9.58
871;0.005;-0.00222222;-0.0261111;0;0;0;0;0.14;0.715;9.74
872;-0.06;0.0344444;-0.160556;0;0;0;0;0.87;0.37;9.925
873;0.0761111;0.0355556;0.161111;0;0;0;0;1.795;0.005;9.655
874;0.0105556;-0.158333;0.000555556;0;0;0;0;0.43;0.575;9.645
875;0.0377778;-0.0516667;-0.128889;0;0;0;0;0.84;1.015;9.67
876;-0.0316667;-0.0555556;-0.08;0;0;0;0;2.53;1.045;8.965
877;-0.0122222;0.00777778;0.196667;0;0;0;0;2.66;1.215;9.36
878;0.154444;-0.00333333;0.293333;0;0;0;0;-2.37;1.68;9.33
879;-0.035;-0.0305556;-0.0366667;0;0;0;0;-3.45;2.175;8.82
880;-0.0338889;-0.00888889;-0.0355556;0;0;0;0;-3.07;1.785;9.11
881;-0.0122222;0.0188889;-0.0111111;0;0;0;0;-2.87;1.54;9.17
882;-0.02;-0.00666667;-0.095;0;0;0;0;-2.59;1.36;9.35
883;0.104444;-0.0338889;-0.188333;0;0;0;0;-1.09;1.88;9.345
884;-0.08;-0.07;-0.0338889;0;0;0;0;0.285;3.105;9.125
885;-0.0422222;-0.0166667;-0.00888889;0;0;0;0;0.075;2.055;9.705
886;-0.0361111;-0.025;0.00444444;0;0;0;0;0.055;1.955;9.49
887;-0.00888889;0.0144444;-0.005;0;0;0;0;0.17;1.77;9.555
888;-0.0305556;-0.005;0.0333333;0;0;0;0;-0.02;1.58;9.615
889;-0.0216667;-0.0161111;0.0255556;0;0;0;0;-0.295;1.235;9.725
890;-0.00277778;-0.0233333;0.0133333;0;0;0;0;-0.62;1.13;9.645
891;-0.0144444;-0.00666667;0.00888889;0;0;0;0;-0.76;0.95;9.68
892;0;-0.00666667;0.01;0;0;0;0;-0.82;0.87;9.57
893;-0.0144444;-0.00222222;0.0155556;0;0;0;0;-1.05;0.74;9.79
894;-0.02;-0.00333333;0.0233333;0;0;0;0;-1.29;0.66;9.8
895;0.00277778;-0.00277778;0.00444444;0;0;0;0;-1.49;0.475;9.695
896;-0.00611111;-0.0211111;-0.0188889;0;0;0;0;-1.385;0.57;9.69
897;0.00555556;-0.00444444;-0.0238889;0;0;0;0;-1.095;0.345;9.745
898;-0.00611111;0;-0.0133333;0;0;0;0;-1.01;0.42;9.795
899;-0.00722222;-0.00777778;-0.00555556;0;0;0;0;-0.835;0.43;9.745
900;0.0122222;-0.00111111;-0.0161111;0;0;0;0;-0.7;0.24;9.775
901;0.0177778;0.00944444;0.005;0;0;0;0;-0.74;0.445;9.735
902;-0.00388889;0;-0.0183333;0;0;0;0;-0.625;0.405;9.88
903;-0.00111111;-0.00111111;0.00166667;0;0;0;0;-0.535;0.37;9.755
904;-0.00222222;-0.0111111;0.00111111;0;0;0;0;-0.51;0.32;9.73
905;0.00888889;0.00333333;-0.0138889;0;0;0;0;-0.43;0.42;9.79
906;0.0155556;-0.00777778;-0.00277778;0;0;0;0;-0.31;0.475;9.795
907;0.00166667;-0.00388889;0.005;0;0;0;0;-0.395;0.56;9.75
908;-0.00333333;-0.0161111;0.00944444;0;0;0;0;-0.585;0.54;9.805
909;-0.0155556;-0.0311111;-0.0166667;0;0;0;0;-0.69;0.34;9.82
910;-0.0133333;-0.00777778;-0.0244444;0;0;0;0;-0.37;0.17;9.78
911;-0.00111111;-0.00666667;0;0;0;0;0;-0.49;0.05;9.77
912;0.00833333;0.00333333;-0.0188889;0;0;0;0;-0.445;0.17;9.82
913;0.00111111;-0.00222222;-0.00111111;0;0;0;0;-0.28;0.31;9.71
914;0.00166667;-0.00777778;0.00333333;0;0;0;0;-0.315;0.135;9.815
915;-0.00166667;0.00166667;0.00111111;0;0;0;0;-0.315;0.09;9.74
916;-0.0122222;0.00222222;0.0166667;0;0;0;0;-0.425;-0.025;9.73
917;-0.00444444;0.00777778;0;0;0;0;0;-0.55;-0.07;9.76
918;0.0216667;0.04;-0.00388889;0;0;0;0;-0.405;-0.115;9.755
919;0.00555556;0.0238889;-0.0244444;0;0;0;0;-0.265;0.095;9.825
920;-0.00444444;-0.0294444;-0.0172222;0;0;0;0;0.065;0.15;9.715
921;-0.005;0.00166667;-0.0177778;0;0;0;0;0.13;0.035;9.745
922;0.0188889;0.0205556;-0.0238889;0;0;0;0;0.31;0.11;9.775
923;-0.00277778;0.00666667;-0.035;0;0;0;0;0.64;0.165;9.7
924;0.0188889;-0.00444444;0.0322222;0;0;0;0;0.705;0.07;9.715
925;0.0116667;0.00222222;-0.0172222;0;0;0;0;0.525;0.3;9.725
926;-0.00944444;0.0161111;-0.00333333;0;0;0;0;0.47;0.285;9.66
927;0.00944444;0.00111111;0.0316667;0;0;0;0;0.43;0.355;9.735
928;0.000555556;-0.0122222;0.025;0;0;0;0;0.055;0.505;9.73
929;-0.00666667;0.00444444;0.0277778;0;0;0;0;-0.22;0.42;9.68
930;0;-0.0116667;0.0127778;0;0;0;0;-0.37;0.445;9.78
931;-0.00277778;0.0111111;0.00166667;0;0;0;0;-0.45;0.42;9.73
932;0.00111111;0.00111111;0.0133333;0;0;0;0;-0.48;0.43;9.72
933;-0.00111111;-0.000555556;0.0172222;0;0;0;0;-0.58;0.42;9.605
934;-0.00444444;0.0188889;-0.00777778;0;0;0;0;-0.57;0.34;9.72
935;0.00722222;0.000555556;-0.00444444;0;0;0;0;-0.48;0.485;9.755
936;0;-0.00555556;-0.000555556;0;0;0;0;-0.525;0.465;9.715
937;0.00333333;0.00833333;0.0116667;0;0;0;0;-0.53;0.43;9.71
938;0.00388889;0.0561111;-0.00444444;0;0;0;0;-0.695;0.375;9.67
939;0.0388889;0.0222222;-0.00222222;0;0;0;0;-0.455;0.75;9.66
940;0.0333333;0;0.0177778;0;0;0;0;-0.54;1.06;9.64
941;-0.0455556;0.00666667;0;0;0;0;0;-0.48;0.98;9.46
942;-0.00555556;0.0833333;0.0177778;0;0;0;0;-0.79;0.59;9.86
943;-0.0138889;0.11;-0.00611111;0;0;0;0;-0.64;0.61;9.81
944;-0.0105556;0.03;-0.0411111;0;0;0;0;-0.56;0.51;9.895
945;-0.00222222;0.065;-0.0244444;0;0;0;0;-0.205;0.415;9.76
946;-0.00111111;-0.005;0.00833333;0;0;0;0;-0.195;0.43;9.805
947;-0.00444444;0.0183333;-0.00388889;0;0;0;0;-0.09;0.325;9.69
948;0.00555556;0.0611111;-0.0111111;0;0;0;0;0.16;0.4;9.73
949;0.00888889;0.0388889;0.00555556;0;0;0;0;0.115;0.395;9.705
950;-0.00555556;0.0344444;-0.000555556;0;0;0;0;0.075;0.495;9.68
951;-0.00277778;0.0205556;0.0122222;0;0;0;0;0.1;0.35;9.72
952;-0.0144444;0.0455556;0.00444444;0;0;0;0;0.1;0.21;9.73
953;-0.0177778;0.04;0;0;0;0;0;0.175;-0.065;9.79
954;-0.00888889;0.0333333;-0.00444444;0;0;0;0;0.22;-0.06;9.66
955;0.00944444;0.0244444;0.00111111;0;0;0;0;0.165;-0.105;9.745
956;0.025;0.0433333;0.0222222;0;0;0;0;0.1;-0.07;9.61
957;0.0355556;0.0305556;0.00388889;0;0;0;0;-0.145;0.36;9.725
958;0.0233333;0;0.0266667;0;0;0;0;-0.5;0.51;9.72
959;0.0111111;0.0166667;0.0366667;0;0;0;0;-0.5;0.79;9.66
960;0.0211111;0.0322222;0.0288889;0;0;0;0;-0.76;0.81;9.68
961;0.0116667;0.0266667;0.00111111;0;0;0;0;-0.835;1.025;9.645
962;0;0.0383333;-0.0261111;0;0;0;0;-0.61;1.06;9.68
963;0.00888889;0.0305556;-0.04;0;0;0;0;-0.14;0.98;9.665
964;-0.00166667;0.0127778;-0.0433333;0;0;0;0;0.175;1.085;9.67
965;-0.01;0.0638889;-0.0244444;0;0;0;0;0.495;0.89;9.655
966;0.00277778;0.0444444;-0.0255556;0;0;0;0;0.57;0.75;9.785
967;0.01;0.0644444;0.00833333;0;0;0;0;0.725;0.8;9.65
968;0.0222222;0.0344444;0.005;0;0;0;0;0.66;0.93;9.655
969;0.00666667;0.0255556;-0.00111111;0;0;0;0;0.615;1.08;9.66
970;0.00444444;0.0366667;-0.0177778;0;0;0;0;0.83;1.16;9.68
971;0.00555556;0.0311111;-0.0155556;0;0;0;0;1;1.085;9.54
972;-0.00222222;0.0405556;-0.0161111;0;0;0;0;1.12;1.035;9.605
973;-0.00444444;0.000555556;-0.0333333;0;0;0;0;1.185;0.955;9.48
974;0.00555556;0.0127778;-0.00666667;0;0;0;0;1.47;0.875;9.465
975;-0.00444444;0.0466667;0.0105556;0;0;0;0;1.465;0.86;9.49
976;0.0244444;0.0416667;-0.0177778;0;0;0;0;1.38;0.93;9.505
977;0.0133333;-0.0322222;-0.0366667;0;0;0;0;1.77;1.15;9.48
978;-0.0105556;-0.05;-0.00555556;0;0;0;0;1.73;1.25;9.405
979;-0.00722222;0.00333333;-0.0122222;0;0;0;0;1.615;1.215;9.405
980;0.00666667;0.0233333;0.0188889;0;0;0;0;1.61;1.07;9.61
981;0.0205556;-0.0272222;0.0355556;0;0;0;0;1.34;1.39;9.56
982;0.00888889;-0.0222222;0.0177778;0;0;0;0;0.95;1.5;9.6
983;-0.00333333;-0.0361111;0.0161111;0;0;0;0;0.85;1.52;9.595
984;-0.00111111;-0.0233333;0.0366667;0;0;0;0;0.64;1.53;9.73
985;0.00444444;-0.0283333;0.0111111;0;0;0;0;0.31;1.665;9.605
986;-0.00166667;-0.0194444;-0.02;0;0;0;0;0.285;1.63;9.64
987;0.00222222;-0.00444444;-0.0277778;0;0;0;0;0.4;1.61;9.57
988;0.0355556;-0.0272222;0.0111111;0;0;0;0;0.505;1.435;9.345
989;0.0194444;-0.0266667;-0.015;0;0;0;0;0.25;1.835;9.56
990;0.00611111;-0.0261111;-0.01;0;0;0;0;0.385;2.055;9.525
991;0;-0.00555556;-0.00888889;0;0;0;0;0.52;2.05;9.42
992;-0.00722222;-0.0477778;-0.00666667;0;0;0;0;0.81;2.115;9.655
993;0.005;-0.0833333;-0.00111111;0;0;0;0;0.665;2.21;9.44
994;0.0177778;-0.0333333;-0.0111111;0;0;0;0;0.63;1.86;9.605
995;0.00111111;-0.09;-0.0388889;0;0;0;0;0.64;1.93;9.4
996;-0.0111111;-0.0138889;-0.0127778;0;0;0;0;0.85;2.3;9.525
997;-0.00444444;-0.0488889;-0.025;0;0;0;0;0.81;2.24;9.565
998;0.000555556;-0.0238889;-0.0288889;0;0;0;0;0.76;2.33;9.4
999;-0.0122222;-0.0272222;-0.00111111;0;0;0;0;0.505;2.42;9.41
1000;0.0133333;0.0377778;0.0133333;0;0;0;0;0.61;2.39;9.43
1001;-0.0111111;0.0144444;-0.0311111;0;0;0;0;0.78;2.26;9.32
1002;-0.00555556;0.0244444;-0.01;0;0;0;0;1.2;1.97;9.53
1003;0.0122222;0.0333333;-0.0188889;0;0;0;0;1.34;2.02;9.37
1004;0;0.0294444;0.0172222;0;0;0;0;1.25;2.09;9.385
1005;0.00222222;0.0311111;0.0344444;0;0;0;0;1.1;2.06;9.35
1006;0.00333333;0.0177778;0.00555556;0;0;0;0;1.05;2.03;9.35
1007;-0.0122222;0.0111111;0.00555556;0;0;0;0;0.915;2.13;9.415
1008;0.00611111;-0.0505556;0.000555556;0;0;0;0;0.835;2.225;9.445
1009;0.00777778;-0.05;-0.0155556;0;0;0;0;0.63;2.33;9.47
1010;0.00888889;-0.0416667;-0.0127778;0;0;0;0;0.875;2.345;9.47
1011;-0.0216667;-0.0394444;-0.00777778;0;0;0;0;0.735;2.58;9.185
1012;-0.0122222;-0.0444444;-0.00777778;0;0;0;0;0.62;2.6;9.19
1013;-0.00444444;-0.0461111;0.00888889;0;0;0;0;0.315;2.59;9.16
1014;-0.0233333;-0.0366667;-0.00333333;0;0;0;0;0.42;2.35;9.275
1015;-0.0177778;-0.0433333;0.0127778;0;0;0;0;0.375;2.17;9.505
1016;-0.00388889;-0.0122222;0.00444444;0;0;0;0;0.085;1.97;9.52
1017;-0.00444444;-0.0144444;-0.0133333;0;0;0;0;0.23;2.07;9.44
1018;-0.00333333;-0.0355556;-0.0244444;0;0;0;0;0.12;2.02;9.63
1019;0.0155556;-0.0294444;-0.000555556;0;0;0;0;0.365;2.21;9.365
1020;-0.00555556;-0.0144444;-0.0222222;0;0;0;0;0.22;2.21;9.43
1021;0.00111111;-0.0266667;0.00722222;0;0;0;0;0.275;2.295;9.635
1022;-0.0188889;-0.00333333;-0.0111111;0;0;0;0;0.14;2.47;9.26
1023;0.00444444;-0.0466667;-0.00333333;0;0;0;0;0.38;2.08;9.29
1024;-0.0161111;-0.0344444;-0.0127778;0;0;0;0;0.225;2.23;9.485
1025;-0.0122222;-0.0566667;-0.0238889;0;0;0;0;-0.03;2.515;9.385
1026;-0.0288889;-0.0344444;-0.00833333;0;0;0;0;0.055;2.4;9.225
1027;-0.261111;-0.0361111;0.0116667;0;0;0;0;0.055;1.365;9.5
1028;-0.0133333;0.00666667;0.00555556;0;0;0;0;0;0.24;9.7
1029;0.0144444;-0.04;0.0333333;0;0;0;0;-0.28;0.07;9.68
1030;0.00277778;0.0111111;-0.0111111;0;0;0;0;-0.265;0.215;9.76
1031;-0.00166667;-0.00222222;-0.0261111;0;0;0;0;-0.085;0.285;9.72
1032;0.00444444;0.00666667;-0.00222222;0;0;0;0;0.09;0.3;9.72
1033;0.000555556;0;-0.0127778;0;0;0;0;0.185;0.285;9.715
1034;-0.0155556;-0.0222222;0.0122222;0;0;0;0;0.01;0.21;9.72
1035;0.00222222;-0.0327778;-0.00666667;0;0;0;0;0.06;0.18;9.705
1036;0.00277778;-0.0277778;-0.0122222;0;0;0;0;0.095;0.19;9.765
1037;0.0105556;-0.00944444;-0.0138889;0;0;0;0;0.19;0.21;9.745
1038;-0.00777778;-0.0283333;0.00777778;0;0;0;0;0.2;0.32;9.695
1039;0.00777778;-0.04;-0.00277778;0;0;0;0;0.15;0.285;9.7
1040;-0.00111111;-0.00444444;-0.00333333;0;0;0;0;0.26;0.41;9.46
1041;0.00222222;-0.0277778;0.00777778;0;0;0;0;0.11;0.32;9.8
1042;0.00277778;-0.0211111;0.00944444;0;0;0;0;-0.125;0.36;9.675
1043;-0.00611111;-0.0205556;0.005;0;0;0;0;-0.1;0.35;9.71
1044;0;-0.0188889;0.00222222;0;0;0;0;-0.11;0.33;9.73
1045;0.00166667;-0.0216667;0.00166667;0;0;0;0;-0.125;0.355;9.74
1046;0.00333333;-0.0344444;0;0;0;0;0;-0.16;0.4;9.79
1047;0.00111111;-0.00555556;0.00277778;0;0;0;0;-0.16;0.555;9.705
1048;-0.02;-0.0177778;0;0;0;0;0;-0.04;0.38;9.67
1049;0.0138889;-0.00777778;-0.00555556;0;0;0;0;-0.115;0.305;9.79
1050;0.00722222;-0.0144444;0.0105556;0;0;0;0;-0.225;0.315;9.655
1051;-0.00944444;-0.0111111;-0.00166667;0;0;0;0;-0.21;0.375;9.8
1052;-0.000555556;-0.00722222;0;0;0;0;0;-0.2;0.315;9.675
1053;0.01;-0.0211111;0.00722222;0;0;0;0;-0.2;0.35;9.69
1054;-0.0111111;-0.0316667;0.00111111;0;0;0;0;-0.365;0.345;9.81
1055;0.00444444;-0.0105556;0.00388889;0;0;0;0;-0.315;0.305;9.86
1056;0.0322222;-0.0288889;0.0483333;0;0;0;0;-1.045;1.03;9.525
1057;-0.00111111;-0.0166667;-0.0244444;0;0;0;0;-1.22;1.18;9.52
1058;-0.00277778;-0.0216667;-0.0216667;0;0;0;0;-1.275;0.98;9.63
1059;-0.00444444;-0.0388889;0.01;0;0;0;0;-1.02;1.08;9.65
1060;-0.0144444;0.00555556;0.00555556;0;0;0;0;-1.3;0.76;9.73
1061;0.0155556;0;-0.00666667;0;0;0;0;-1.26;0.92;9.62
1062;0.0377778;0.00444444;-0.0644444;0;0;0;0;-0.85;1.04;9.63
1063;0.00444444;-0.0116667;-0.00777778;0;0;0;0;-0.465;1.55;9.645
1064;0.00666667;-0.0133333;-0.0122222;0;0;0;0;-0.47;1.47;9.585
1065;-0.0133333;-0.0111111;0.00611111;0;0;0;0;-0.445;1.425;9.715
1066;-0.00777778;-0.0166667;0.000555556;0;0;0;0;-0.58;1.315;9.6
1067;-0.03;-0.0288889;0.0377778;0;0;0;0;-0.7;1.18;9.67
1068;-0.0566667;0.005;0.0961111;0;0;0;0;-1.43;0.715;9.605
1069;-0.0238889;-0.01;0.00833333;0;0;0;0;-1.81;0.34;9.575
1070;0.015;-0.0105556;-0.0288889;0;0;0;0;-1.71;0.22;9.64
1071;0.0277778;-0.0394444;-0.0405556;0;0;0;0;-1.455;0.53;9.67
1072;0.0116667;-0.0222222;-0.06;0;0;0;0;-0.885;0.485;9.685
1073;-0.0833333;-0.0544444;-0.0316667;0;0;0;0;-0.19;0.675;9.735
1074;-0.00333333;0.00111111;0.00111111;0;0;0;0;-0.115;-0.28;9.715
1075;-0.00222222;0.00333333;-0.00777778;0;0;0;0;-0.15;-0.28;9.64
1076;0.0177778;-0.00666667;0.0294444;0;0;0;0;-0.3;-0.1;9.74
1077;0.03;-0.00777778;0.00222222;0;0;0;0;-0.31;0;9.79
1078;0.00111111;-0.0355556;-0.00166667;0;0;0;0;-0.38;0.175;9.74
1079;0.00111111;-0.0655556;0;0;0;0;0;-0.46;0.07;9.81
1080;-0.0111111;-0.0261111;-0.00222222;0;0;0;0;-0.505;0.16;9.8
1081;0.0172222;-0.0116667;-0.00222222;0;0;0;0;-0.535;0.195;9.79
1082;0.0366667;0.0122222;0.0205556;0;0;0;0;-0.525;0.25;9.8
1083;0.0294444;0;0.0161111;0;0;0;0;-0.895;0.65;9.74
1084;0.00611111;-0.01;-0.0394444;0;0;0;0;-0.74;0.75;9.715
1085;-0.0227778;-0.0155556;-0.0338889;0;0;0;0;-0.18;0.505;9.835
1086;0.0172222;-0.00444444;0.00277778;0;0;0;0;-0.09;0.55;9.74
1087;0.0377778;0.0377778;-0.01;0;0;0;0;0;0.7;9.83
1088;0.00888889;-0.0133333;0.00333333;0;0;0;0;-0.02;0.98;9.785
1089;0.0111111;-0.00666667;0.0311111;0;0;0;0;-0.3;0.95;9.73
1090;-0.0166667;0.00666667;0.0277778;0;0;0;0;-0.49;1.03;9.76
1091;0;0.0466667;0.00333333;0;0;0;0;-0.66;0.83;9.82
1092;0.0116667;0.0466667;-0.00722222;0;0;0;0;-0.545;0.76;9.855
1093;0.00277778;0.0205556;0.00944444;0;0;0;0;-0.45;1.015;9.785
1094;0.0166667;0.0233333;0.00611111;0;0;0;0;-0.495;0.955;9.76
1095;0.00888889;0.0161111;0.00611111;0;0;0;0;-0.645;0.955;9.675
1096;-0.00444444;0.0211111;0.0288889;0;0;0;0;-0.62;1;9.68
1097;-0.00944444;0.0111111;-0.0233333;0;0;0;0;-0.645;0.905;9.7
1098;0.00611111;-0.0383333;0.0216667;0;0;0;0;-0.72;0.905;9.655
1099;-0.00111111;-0.04;0;0;0;0;0;-0.79;0.97;9.68
1100;0;-0.0111111;0.0144444;0;0;0;0;-0.9;1.03;9.55
1101;-0.000555556;-0.0183333;-0.00944444;0;0;0;0;-1.03;1.085;9.69
1102;-0.00722222;-0.04;0.000555556;0;0;0;0;-0.92;0.96;9.61
1103;0;-0.0422222;0.000555556;0;0;0;0;-1.03;0.915;9.635
1104;0.00555556;-0.0333333;-0.00666667;0;0;0;0;-0.925;0.805;9.65
1105;0.00555556;-0.0155556;-0.00222222;0;0;0;0;-1.01;0.975;9.61
1106;-0.00166667;-0.0261111;-0.0172222;0;0;0;0;-0.885;0.995;9.6
1107;-0.00444444;0.00111111;-0.00333333;0;0;0;0;-0.86;0.83;9.625
1108;0.00222222;-0.00222222;0.0122222;0;0;0;0;-0.87;0.91;9.65
1109;-0.0372222;-0.0183333;0.00777778;0;0;0;0;-0.965;0.825;9.645
1110;-0.01;-0.00111111;-0.00166667;0;0;0;0;-0.905;0.575;9.685
1111;0.0127778;-0.0105556;-0.00277778;0;0;0;0;-0.995;0.45;9.665
1112;0.00388889;0.00111111;-0.0338889;0;0;0;0;-0.84;0.52;9.685
1113;0;-0.0122222;-0.0266667;0;0;0;0;-0.55;0.5;9.71
1114;0.00888889;-0.00777778;-0.0144444;0;0;0;0;-0.2;0.605;9.645
1115;-0.02;-0.0177778;-0.0133333;0;0;0;0;-0.01;0.555;9.595
1116;0;-0.0233333;-0.000555556;0;0;0;0;0.035;0.345;9.73
1117;0.00111111;0.0155556;-0.0111111;0;0;0;0;-0.045;0.37;9.77
1118;0;-0.0177778;0.0277778;0;0;0;0;-0.075;0.4;9.775
1119;0.0155556;-0.00833333;0.0188889;0;0;0;0;-0.225;0.435;9.715
1120;-0.00333333;-0.00111111;0.0211111;0;0;0;0;-0.46;0.495;9.76
1121;0.0111111;0.00833333;-0.00166667;0;0;0;0;-0.605;0.56;9.685
1122;0.00888889;-0.000555556;-0.015;0;0;0;0;-0.5;0.59;9.685
1123;0.00166667;-0.00166667;0;0;0;0;0;-0.41;0.56;9.61
1124;-0.00722222;0.00722222;0.00111111;0;0;0;0;-0.365;0.63;9.69
1125;0.00555556;0.00333333;-0.0288889;0;0;0;0;-0.28;0.615;9.535
1126;-0.00833333;-0.01;0.00944444;0;0;0;0;-0.13;0.645;9.65
1127;0.00388889;-0.00888889;0.00666667;0;0;0;0;-0.325;0.56;9.63
1128;0.00166667;-0.0183333;-0.0122222;0;0;0;0;-0.325;0.655;9.66
1129;-0.00777778;-0.00555556;-0.00444444;0;0;0;0;-0.22;0.58;9.73
1130;0.0183333;-0.0127778;0.00611111;0;0;0;0;-0.255;0.545;9.695
1131;0.0144444;-0.0133333;-0.00444444;0;0;0;0;-0.32;0.74;9.7
1132;-0.0116667;-0.0283333;-0.0105556;0;0;0;0;-0.25;0.495;9.7
1133;-0.00333333;-0.0361111;0.00111111;0;0;0;0;-0.135;0.485;9.755
1134;-0.0244444;-0.00944444;-0.0161111;0;0;0;0;-0.1;0.415;9.725
1135;0.00555556;0;-0.0361111;0;0;0;0;0.09;0.2;9.785
1136;-0.00833333;0.000555556;0.0205556;0;0;0;0;0.21;0.045;9.61
1137;0.0111111;-0.00444444;0.0144444;0;0;0;0;0.075;0.185;9.715
1138;0.00111111;-0.00944444;0;0;0;0;0;0.005;0.245;9.71
1139;-0.0122222;-0.00888889;0.0433333;0;0;0;0;-0.09;0.22;9.77
1140;-0.00333333;-0.00888889;0.0411111;0;0;0;0;-0.65;0.085;9.72
1141;-0.0272222;-0.04;0.0566667;0;0;0;0;-1.12;-0.125;9.72
1142;-0.0233333;-0.000555556;0.0144444;0;0;0;0;-1.445;-0.325;9.725
1143;-0.00444444;-0.0261111;-0.000555556;0;0;0;0;-1.57;-0.345;9.615
1144;-0.0516667;-0.005;0.0327778;0;0;0;0;-1.785;-0.69;9.675
1145;0.0155556;-0.0277778;-0.0733333;0;0;0;0;-1.365;-0.75;9.675
1146;0.0555556;0.0138889;-0.04;0;0;0;0;-1.175;-0.44;9.515
1147;-0.00944444;-0.0466667;-0.0522222;0;0;0;0;-0.63;-0.305;9.7
1148;-0.00166667;0.00333333;0.0222222;0;0;0;0;-0.505;-0.48;9.765
1149;0.0155556;-0.0155556;0.0577778;0;0;0;0;-0.89;-0.37;9.66
1150;0.00444444;0.0155556;0.0222222;0;0;0;0;-1.36;-0.04;9.63
1151;0.0155556;-0.00888889;0.0427778;0;0;0;0;-1.725;-0.005;9.59
1152;0.02;0.00333333;-0.0277778;0;0;0;0;-1.99;0.21;9.68
1153;0.0261111;-0.0177778;0.0233333;0;0;0;0;-1.85;0.41;9.515
1154;-0.0333333;-0.0194444;-0.0538889;0;0;0;0;-2.265;0.595;9.315
1155;-0.0205556;-0.00555556;-0.0838889;0;0;0;0;-1.58;0.28;9.685
1156;0.0438889;0.0466667;0.0138889;0;0;0;0;-1.345;0.505;9.625
1157;0.00333333;0.0188889;-0.0266667;0;0;0;0;-1.4;0.86;9.73
1158;0.00388889;0.0355556;0.00222222;0;0;0;0;-1.435;0.77;9.575
1159;-0.0288889;-0.0205556;0.0322222;0;0;0;0;-1.11;0.95;9.56
1160;0.00666667;0.0494444;0.0222222;0;0;0;0;-1.455;0.765;9.65
1161;-0.0227778;-0.0222222;-0.0244444;0;0;0;0;-1.505;0.615;9.72
1162;0.00277778;-0.0161111;-0.0622222;0;0;0;0;-1.085;0.37;9.745
1163;0;0;-0.0266667;0;0;0;0;-0.53;0.49;9.745
1164;-0.01;-0.0277778;0.00777778;0;0;0;0;-0.44;0.51;9.71
1165;0.0344444;0.0144444;-0.0588889;0;0;0;0;0.06;0.64;9.745
1166;-0.0444444;0.0105556;-0.0394444;0;0;0;0;0.455;0.845;9.685
1167;0.000555556;-0.0394444;-0.00222222;0;0;0;0;0.76;0.505;9.885
1168;-0.0516667;-0.00277778;0.025;0;0;0;0;0.82;0.235;9.835
1169;-0.0144444;0.0161111;0.0566667;0;0;0;0;0.3;0.01;9.865
1170;0.025;0.0461111;-0.0155556;0;0;0;0;0.21;0.03;9.845
1171;0.0411111;-0.0188889;0.05;0;0;0;0;-0.01;0.435;9.755
1172;-0.0311111;-0.0961111;-0.0116667;0;0;0;0;-0.2;0.46;9.725
1173;-0.0277778;0.00611111;-0.04;0;0;0;0;0.235;0.05;9.775
1174;-0.0122222;0.0388889;0.147778;0;0;0;0;-0.48;-0.31;9.695
1175;0.015;0.055;0.0527778;0;0;0;0;-1.195;-0.235;9.715
1176;0.0622222;-0.0105556;0.035;0;0;0;0;-1.415;0.495;9.775
1177;-0.000555556;-0.00333333;-0.00388889;0;0;0;0;-1.585;0.505;9.68
1178;-0.0205556;-0.0572222;-0.045;0;0;0;0;-1.255;0.4;9.69
1179;-0.0911111;-0.0444444;-0.0961111;0;0;0;0;-0.965;-0.04;9.685
1180;0.0127778;-0.0511111;-0.0344444;0;0;0;0;-0.845;-0.075;9.755
1181;-0.0505556;0.0144444;-0.0594444;0;0;0;0;-0.3;-0.275;9.695
1182;-0.0422222;-0.0133333;-0.075;0;0;0;0;0.175;-0.675;9.78
1183;0.0266667;0.015;0.0105556;0;0;0;0;0.315;-0.845;9.625
1184;0.0238889;0.000555555;-0.055;0;0;0;0;0.28;-0.205;9.75
1185;0;-0.0411111;-0.0188889;0;0;0;0;0.95;0.145;9.68
1186;0.005;-0.00777778;0.02;0;0;0;0;0.865;0.23;9.595
1187;-0.0222222;-0.0366667;0.0166667;0;0;0;0;0.99;0.41;9.53
1188;0.00333333;0.00111111;0.102222;0;0;0;0;0.38;0.23;9.75
1189;-0.0222222;-0.0138889;0.035;0;0;0;0;-0.47;0.15;9.735
1190;0.00222222;-0.00666667;0.0227778;0;0;0;0;-0.61;0.03;9.62
1191;-0.0111111;-0.0333333;-0.015;0;0;0;0;-0.665;0.095;9.675
1192;0.00611111;0.000555556;0.0144444;0;0;0;0;-0.715;0.01;9.78
1193;0.0111111;-0.0322222;0.0172222;0;0;0;0;-1.055;0.095;9.66
1194;-0.00888889;-0.0338889;-0.00555556;0;0;0;0;-0.995;0.11;9.67
1195;-0.0172222;-0.00333333;-0.0177778;0;0;0;0;-0.945;-0.06;9.74
1196;0.00666667;-0.0172222;-0.0172222;0;0;0;0;-0.72;-0.205;9.675
1197;0;-0.00333333;0.0255556;0;0;0;0;-0.74;-0.075;9.64
1198;0.00888889;-0.0144444;0.0111111;0;0;0;0;-0.98;-0.14;9.71
1199;0.00333333;-0.01;-0.0144444;0;0;0;0;-0.89;0.2;9.61
1200;-0.0122222;-0.00777778;0.0155556;0;0;0;0;-1.06;0.02;9.79
1201;-0.00611111;-0.0194444;0.0361111;0;0;0;0;-1.225;-0.08;9.62
1202;-0.00666667;0.02;0.0211111;0;0;0;0;-1.63;-0.19;9.57
1203;-0.000555556;-0.0183333;0.005;0;0;0;0;-1.69;-0.31;9.595
1204;0.00222222;-0.0261111;0.00833333;0;0;0;0;-1.71;-0.395;9.525
1205;0.00277778;-0.0116667;-0.0294444;0;0;0;0;-1.7;-0.255;9.54
1206;0.00333333;0.0127778;-0.00333333;0;0;0;0;-1.51;-0.305;9.63
1207;-0.0144444;0.0133333;-0.00777778;0;0;0;0;-1.44;-0.39;9.585
1208;-0.0216667;0.0138889;0.00555556;0;0;0;0;-1.415;-0.415;9.65
1209;0.0566667;-0.0233333;0.207778;0;0;0;0;-1.88;-0.38;9.45
1210;-0.00333333;-0.000555556;-0.0366667;0;0;0;0;-4.09;0.47;8.76
1211;-0.0338889;-0.0177778;-0.000555556;0;0;0;0;-4.165;0.26;8.91
1212;-0.0527778;0;-0.01;0;0;0;0;-3.835;-0.07;8.9
1213;-0.0205556;0.0122222;-0.0194444;0;0;0;0;-3.795;-0.39;8.965
1214;0.0238889;0;-0.108889;0;0;0;0;-3.07;-0.375;9.215
1215;0.0483333;0.00833333;-0.110556;0;0;0;0;-1.94;0.13;9.535
1216;0.00666667;0.0294444;-0.01;0;0;0;0;-1.265;0.23;9.545
1217;-0.00333333;0.0177778;-0.0255556;0;0;0;0;-1.28;0.46;9.69
1218;-0.00444444;0.0233333;-0.0166667;0;0;0;0;-0.87;0.23;9.61
1219;-0.035;0.0177778;0.0172222;0;0;0;0;-0.955;0.08;9.72
1220;0;0.0666667;0.0127778;0;0;0;0;-0.865;0;9.915
1221;-0.0161111;0.0455556;-0.00222222;0;0;0;0;-1.065;-0.29;9.52
1222;-0.0444444;0.0522222;-0.0233333;0;0;0;0;-0.87;-0.43;9.74
1223;0.00277778;0.0344444;-0.0261111;0;0;0;0;-0.38;-0.095;9.64
1224;0.0266667;0.0627778;-0.00444444;0;0;0;0;0.02;-0.3;9.56
1225;0.00111111;0.0105556;-0.0455556;0;0;0;0;0.035;-0.14;9.77
1226;-0.0155556;0.0222222;-0.0211111;0;0;0;0;0.39;0.055;9.7
1227;-0.00444444;0.0188889;-0.0366667;0;0;0;0;0.625;-0.04;9.855
1228;0.01;0.0266667;-0.0327778;0;0;0;0;0.905;-0.21;9.685
1229;0.01;0.0488889;-0.00444444;0;0;0;0;1.145;0.06;9.64
1230;0.0377778;0.0111111;0.0372222;0;0;0;0;1.23;-0.03;9.655
1231;-0.025;-0.00888889;0.0266667;0;0;0;0;0.565;0.055;9.775
1232;-0.0377778;0.00777778;0.00333333;0;0;0;0;0.505;-0.175;9.555
1233;-0.0194444;0.0344444;0.0261111;0;0;0;0;0.52;-0.845;9.845
1234;0.025;0.0472222;0.0633333;0;0;0;0;0;-0.745;9.615
1235;0.00833333;0.0216667;0.08;0;0;0;0;-0.59;-0.855;9.665
1236;-0.0144444;0.0133333;0.0522222;0;0;0;0;-1;-0.74;9.6
1237;-0.0155556;-0.0344444;0;0;0;0;0;-1.33;-0.75;9.6
1238;-0.005;0.00888889;-0.00888889;0;0;0;0;-1.105;-0.88;9.765
1239;-0.0244444;-0.00111111;0.0144444;0;0;0;0;-1.28;-0.93;9.65
1240;0.0366667;0.0255556;-0.02;0;0;0;0;-1.25;-0.73;9.73
1241;0.01;0;-0.00555556;0;0;0;0;-1.1;-0.57;9.83
1242;0.0233333;0.000555556;0.00833333;0;0;0;0;-1.08;-0.385;9.615
1243;-0.0616667;-0.0705556;-0.00888889;0;0;0;0;-0.525;-0.645;9.685
1244;-0.0105556;0.0355556;0.0383333;0;0;0;0;-1.35;-1.195;9.615
1245;0.0233333;0.0427778;-0.0244444;0;0;0;0;-1.42;-0.795;9.64
1246;0.0322222;-0.0172222;-0.0338889;0;0;0;0;-0.74;-0.485;9.72
1247;0.0188889;0;0.0211111;0;0;0;0;-0.67;-0.31;9.7
1248;-0.0283333;-0.0233333;0.0466667;0;0;0;0;-1.005;-0.32;9.78
1249;-0.0205556;0.0777778;-0.0111111;0;0;0;0;-1.155;-0.33;9.74
1250;0.0888889;0.101667;0.075;0;0;0;0;-0.93;-0.005;9.615
1251;0.01;0.045;0;0;0;0;0;-1.885;0.5;9.64
1252;0.0144444;0;-0.0233333;0;0;0;0;-1.57;0.39;9.71
1253;-0.0155556;0.0244444;-0.00777778;0;0;0;0;-1.46;0.41;9.39
1254;0.0466667;-0.00333333;-0.0211111;0;0;0;0;-1.65;0.54;9.48
1255;0.0277778;-0.323889;0.00166667;0;0;0;0;-1.54;0.33;9.715
1256;-0.0988889;-0.110556;0.121667;0;0;0;0;-0.395;-0.25;9.61
1257;-0.0211111;0.0822222;-0.0516667;0;0;0;0;-2.915;-0.855;9.47
1258;-0.00388889;0.0477778;0.0772222;0;0;0;0;-3.07;-1.005;9.17
1259;0.00722222;0;0.0633333;0;0;0;0;-3.705;-0.955;9.13
1260;0.0427778;0.035;-0.0344444;0;0;0;0;-3.57;-0.605;9.175
1261;0.02;-0.00222222;-0.0266667;0;0;0;0;-3.12;-0.35;9.22
1262;-0.0188889;0.0177778;0.0566667;0;0;0;0;-3.38;-0.32;9.12
1263;0.0633333;0.0222222;-0.103333;0;0;0;0;-3.37;-0.21;9.42
1264;0.005;0.0377778;-0.0477778;0;0;0;0;-2.16;0.325;9.485
1265;-0.0366667;0.0372222;-0.0316667;0;0;0;0;-1.925;0.115;9.565
1266;-0.0133333;0.0455556;-0.0855556;0;0;0;0;-1.41;-0.02;9.71
1267;0.00555556;-0.01;-0.0466667;0;0;0;0;-0.68;0.17;9.74
1268;0.00111111;-0.02;-0.0155556;0;0;0;0;-0.62;-0.1;9.45
1269;-0.01;0.0111111;-0.0322222;0;0;0;0;-0.445;-0.19;9.79
1270;0.0283333;0.00388889;-0.0388889;0;0;0;0;-0.095;-0.045;9.84
1271;0.0255556;0.0222222;-0.0138889;0;0;0;0;0.19;0.3;9.895
1272;-0.00388889;0.00222222;0.00666667;0;0;0;0;0.17;0.335;9.675
1273;-0.0244444;0.0105556;0.00833333;0;0;0;0;0.09;0.16;9.665
1274;-0.0133333;-0.0111111;-0.00222222;0;0;0;0;-0.005;0.145;9.855
1275;-0.0416667;-0.00888889;0.0216667;0;0;0;0;-0.24;0.02;9.825
1276;-0.0822222;0.0444444;0.0544444;0;0;0;0;-0.6;-0.91;9.92
1277;-0.0244444;0.0755556;-0.00666667;0;0;0;0;-0.94;-1.2;9.685
1278;-0.035;0.0233333;-0.0233333;0;0;0;0;-0.9;-1.14;9.78
1279;0.0277778;0.0122222;-0.00666667;0;0;0;0;-0.845;-1.595;9.635
1280;-0.0294444;0.0327778;-0.0222222;0;0;0;0;-0.725;-1.045;9.815
1281;-0.0344444;0.0544444;0.00777778;0;0;0;0;-0.87;-1.65;9.81
1282;-0.00333333;0.00333333;-0.0655556;0;0;0;0;-0.555;-1.765;9.705
1283;0.148889;-0.104444;-0.0772222;0;0;0;0;1.01;0.035;9.665
1284;-0.102222;0.00111111;-0.0988889;0;0;0;0;1.1;0.22;9.66
1285;-0.00444444;-0.05;0.04;0;0;0;0;1.74;-0.12;9.43
1286;0.0122222;-0.04;0.0611111;0;0;0;0;1.35;-0.37;9.74
1287;0.0911111;-0.0161111;0.181111;0;0;0;0;0.435;0.625;9.75
1288;0.0455556;-0.0322222;0.07;0;0;0;0;-0.75;0.98;9.69
1289;0.0355556;-0.03;0.153333;0;0;0;0;-2.01;1.44;9.36
1290;0.0522222;0.00444444;0.108333;0;0;0;0;-3.045;1.775;9.1
1291;0.0411111;-0.0116667;0.0788889;0;0;0;0;-4.015;2.295;8.635
1292;-0.0272222;0.0172222;-0.0966667;0;0;0;0;-4.195;2.445;8.565
1293;-0.0344444;-0.0266667;-0.0438889;0;0;0;0;-3.22;1.805;9.04
1294;-0.0638889;-0.0755556;0.07;0;0;0;0;-3.32;1.54;8.965
1295;-0.0416667;0.0461111;-0.0111111;0;0;0;0;-6.31;-0.355;7.825
1296;0.00944444;-0.0144444;-0.0422222;0;0;0;0;-5.175;-0.12;8.44
1297;-0.0155556;0.0155556;0.0166667;0;0;0;0;-4.93;-0.23;8.48
1298;-0.0405556;0.00722222;-0.0488889;0;0;0;0;-5.2;-0.48;8.475
1299;-0.0161111;0.0105556;-0.07;0;0;0;0;-4.44;-0.47;8.74
1300;0.0327778;-0.01;-0.208333;0;0;0;0;-3.095;-0.455;9.055
1301;-0.0211111;-0.04;0.0188889;0;0;0;0;-1.54;-0.62;9.66
1302;0.00666667;-0.00333333;0;0;0;0;0;-1.34;-0.73;9.65
1303;0.0194444;0.00777778;-0.0344444;0;0;0;0;-1.245;-0.58;9.68
1304;0.0127778;0;-0.00944444;0;0;0;0;-1.045;-0.46;9.625
1305;0.00222222;0.0444444;0.0166667;0;0;0;0;-1.19;-0.35;9.72
1306;0.00111111;0.0488889;0.0261111;0;0;0;0;-1.545;-0.25;9.58
1307;-0.0288889;0.00611111;0.0144444;0;0;0;0;-1.525;-0.36;9.625
1308;0.00111111;0.00944444;-0.0177778;0;0;0;0;-1.265;-0.505;9.705
1309;0.00444444;0.055;0.015;0;0;0;0;-1.41;-0.58;9.765
1310;0.0355556;-0.0211111;-0.0155556;0;0;0;0;-1.455;-0.305;9.58
1311;0.0122222;-0.00777778;0;0;0;0;0;-1.18;-0.31;9.52
1312;0.0205556;0.0238889;0.0211111;0;0;0;0;-1.485;-0.15;9.65
1313;0.00944444;0.0211111;-0.00722222;0;0;0;0;-1.355;-0.09;9.61
1314;-0.00166667;0.0205556;-0.000555556;0;0;0;0;-1.365;-0.05;9.525
1315;-0.00166667;0.0211111;-0.0177778;0;0;0;0;-1.185;-0.005;9.675
1316;-0.0127778;0.0305556;0.0144444;0;0;0;0;-1.22;-0.12;9.61
1317;0.00722222;0.02;-0.03;0;0;0;0;-1.335;-0.28;9.75
1318;0.0111111;0.00111111;-0.0155556;0;0;0;0;-0.97;-0.04;9.59
1319;-0.00277778;0.00611111;0.005;0;0;0;0;-0.905;0.055;9.76
1320;0;-0.00277778;0.00277778;0;0;0;0;-0.88;-0.01;9.735
1321;0.0172222;0;0.0211111;0;0;0;0;-1.02;0.025;9.715
1322;-0.00222222;0.0116667;-0.00888889;0;0;0;0;-1.225;0.105;9.82
1323;-0.00888889;-0.00555556;0.0188889;0;0;0;0;-1;0.1;9.7
1324;-0.0105556;0.0216667;0.0283333;0;0;0;0;-1.34;0.005;9.68
1325;0.00944444;0.0111111;-0.000555556;0;0;0;0;-1.375;-0.05;9.66
1326;-0.00166667;-0.0161111;-0.01;0;0;0;0;-1.365;0.03;9.64
1327;-0.0138889;-0.0355556;-0.00833333;0;0;0;0;-1.215;-0.13;9.7
1328;-0.0105556;-0.00277778;-0.00944444;0;0;0;0;-1.075;-0.23;9.715
1329;0.00333333;0.0111111;0.00888889;0;0;0;0;-1.04;-0.125;9.71
1330;0.0216667;0.00444444;0.0116667;0;0;0;0;-1.33;0.015;9.58
1331;0.00388889;-0.0161111;0.0311111;0;0;0;0;-1.29;0.19;9.645
1332;-0.0361111;0.035;0.0588889;0;0;0;0;-1.77;-0.145;9.555
1333;-0.0177778;0.0416667;0.0238889;0;0;0;0;-2.26;-0.215;9.47
1334;0.0194444;-0.00166667;-0.0277778;0;0;0;0;-2.165;-0.315;9.65
1335;0.0222222;-0.0238889;-0.0272222;0;0;0;0;-1.96;-0.11;9.635
1336;0.0166667;-0.00777778;-0.015;0;0;0;0;-1.7;0.065;9.715
1337;0.00611111;0.02;-0.005;0;0;0;0;-1.58;0.095;9.625
1338;0.00333333;-0.00666667;-0.0116667;0;0;0;0;-1.625;0.195;9.655
1339;-0.00333333;-0.00222222;-0.00444444;0;0;0;0;-1.26;0.105;9.64
1340;0;0.00666667;-0.00777778;0;0;0;0;-1.45;0.1;9.69
1341;-0.00277778;-0.00388889;-0.00888889;0;0;0;0;-1.355;-0.015;9.755
1342;0.00666667;-0.0155556;-0.00444444;0;0;0;0;-1.22;-0.12;9.77
1343;-0.00555556;-0.0161111;-0.00222222;0;0;0;0;-1.3;0.05;9.73
1344;-0.00777778;-0.0316667;0.00333333;0;0;0;0;-1.025;-0.13;9.76
1345;0.0138889;-0.00277778;0.0177778;0;0;0;0;-1.47;-0.39;9.66
1346;-0.00111111;0.00888889;0.0222222;0;0;0;0;-1.2;-0.23;9.715
1347;0.000555556;-0.0105556;0.00166667;0;0;0;0;-1.45;-0.36;9.72
1348;0.00444444;-0.0111111;-0.00222222;0;0;0;0;-1.42;-0.15;9.77
1349;-0.0122222;-0.0155556;-0.0166667;0;0;0;0;-1.23;-0.27;9.76
1350;-0.015;0.0177778;-0.00222222;0;0;0;0;-1.17;-0.54;9.675
1351;0.00388889;-0.0272222;-0.02;0;0;0;0;-1.105;-0.505;9.835
1352;-0.005;-0.0288889;0;0;0;0;0;-1.045;-0.515;9.67
1353;0;0.0222222;0;0;0;0;0;-1;-0.54;9.75
1354;0;0;0;0;0;0;0;-0.95;-0.56;9.74
1355;0;0;0;0;0;0;0;-0.96;-0.55;9.745
1356;0;0;0;0;0;0;0;-0.95;-0.55;9.76
1357;0;0;0;0;0;0;0;-0.95;-0.555;9.755
1358;0;0;0;0;0;0;0;-0.95;-0.56;9.75
1359;0;0;0;0;0;0;0;-0.95;-0.56;9.75
1360;0.0294444;0.318889;-0.0944444;0;0;0;0;-0.59;0.07;10.58
1361;0.54;1.89278;-0.108889;0;0;0;0;0.045;1.12;9.305
1362;0.095;0.904444;0.183333;0;0;0;0;1.45;1.36;9.205
1363;0.0855556;0.254444;0.0394444;0;0;0;0;1.54;0.97;9.16
1364;0.0833333;0.0922222;-0.08;0;0;0;0;2.35;1.13;9.495
1365;-0.102222;-0.0744444;0.00444444;0;0;0;0;2.66;0.37;9.445
1366;-0.110556;-0.236667;-0.0355556;0;0;0;0;3.065;0.225;9.41
1367;0.0183333;-0.0444444;0.01;0;0;0;0;3.27;0.565;9.245
1368;-0.035;-0.159444;0.125;0;0;0;0;2.45;0.545;9.09
1369;0.00111111;-0.123333;-0.0388889;0;0;0;0;2.23;0.535;9.4
1370;-0.199444;-0.0772222;-0.0594444;0;0;0;0;2.485;0.165;9.09
