Time;Consumed current [mAh];Consumed energy [100J];Temperature [centi-degrees];Voltage1 [mv];Voltage2 [mv];Voltage3 [mv];Voltage4 [mv];Voltage5 [mv];Voltage6 [mv];Voltage7 [mv];Voltage8 [mv];Voltage9 [mv];Voltage10 [mv];Battery current [10mA];Battery ID;Battery Function;Chemistry;Remaining [percent]
0.732441;-1;-1;-30089;4029;7891;2004;3983;4090;7093;8247;2847;2004;0;257;0;1;3;93
30.6729;-1;-1;-30092;4025;7917;2004;3979;4090;7093;8247;3239;2005;0;259;0;1;3;93
60.6023;-1;-1;-30104;4017;7963;2003;3979;4090;7093;8247;3239;2005;0;268;0;1;3;92
90.536;-1;-1;-30118;3966;7095;1585;3966;4090;7093;8247;3239;2005;0;296;0;1;3;87
120.468;-1;-1;-30115;3939;7095;1305;3939;4090;7093;8247;3239;2005;0;303;0;1;3;85
150.403;-1;-1;-30118;3896;7095;714;3896;4090;7093;8247;3239;2005;0;293;0;1;3;81
180.334;-1;-1;-30106;3813;7093;1207;3807;4090;7093;8247;4493;2005;0;449;0;1;3;73
210.265;-1;-1;-30121;3790;7093;809;3780;4090;7093;8247;4505;2005;0;430;0;1;3;71
240.197;-1;-1;-30165;3988;7095;1746;3780;4090;7093;8247;4505;2005;0;257;0;1;3;89
270.129;-1;-1;-30149;4033;8028;2004;3780;4090;7091;8247;4505;2005;0;226;0;1;3;93
300.606;-1;-1;-30163;4022;8012;2003;3780;4090;7091;8247;4505;2005;0;241;0;1;3;92
329.993;-1;-1;-30174;4044;8026;2003;3780;4090;7091;8247;4505;2005;0;214;0;1;3;94
369.902;-1;-1;-30179;4033;7861;2005;3780;4090;7091;8247;4505;2005;0;229;0;1;3;93
399.836;-1;-1;-30174;4019;7105;1927;3780;4090;7091;8247;4505;2005;0;236;0;1;3;92
429.766;-1;-1;-30171;3968;7091;1757;3780;4090;7091;8247;4505;2005;0;288;0;1;3;88
459.702;-1;-1;-30193;3985;7093;1654;3780;4090;7091;8247;4505;2005;0;255;0;1;3;89
489.624;-1;-1;-30199;4006;7093;1458;3780;4090;7091;8247;4505;2005;0;206;0;1;3;91
519.554;-1;-1;-30182;3967;7089;1770;3780;4090;7089;8247;4505;2005;0;290;0;1;3;87
549.483;-1;-1;-30188;3979;7095;1344;3780;4090;7089;8247;4505;2005;0;228;0;1;3;89
579.413;-1;-1;-30209;3934;7093;1338;3780;4090;7089;8247;4505;2005;0;286;0;1;3;84
609.351;-1;-1;-30220;3953;7093;1378;3780;4090;7089;8247;4505;2005;0;262;0;1;3;86
639.271;-1;-1;-30223;3968;7093;942;3780;4090;7089;8247;4505;2005;0;200;0;1;3;88
669.202;-1;-1;-30245;3930;7095;1047;3780;4090;7089;8247;4505;2005;0;258;0;1;3;84
699.131;-1;-1;-30245;3730;7097;436;3730;4090;7089;8247;4769;2005;0;476;0;1;3;66
729.606;-1;-1;-30272;3945;7093;1096;3730;4090;7089;8247;4769;2005;0;233;0;1;3;85
758.991;-1;-1;-30311;3951;7093;1494;3730;4090;7089;8247;4769;2005;0;263;0;1;3;86
788.922;-1;-1;-30348;3896;7093;855;3730;4090;7089;8247;4769;2005;0;275;0;1;3;81
818.852;-1;-1;-30389;3918;7093;1181;3730;4090;7089;8247;4769;2005;0;272;0;1;3;83
848.79;-1;-1;-30425;3731;7095;434;3730;4090;7089;8247;4843;2005;0;446;0;1;3;66
878.716;-1;-1;-30467;3919;7093;1024;3730;4090;7089;8247;4843;2005;0;250;0;1;3;83
908.647;-1;-1;-30512;3912;7093;1079;3730;4090;7089;8247;4843;2005;0;264;0;1;3;82
938.579;-1;-1;-30553;3883;7093;989;3730;4090;7089;8247;4843;2005;0;293;0;1;3;80
968.511;-1;-1;-30589;3842;7095;1119;3730;4090;7089;8247;4843;2005;0;361;0;1;3;76
998.444;-1;-1;-30626;3894;7095;1019;3730;4090;7089;8247;4843;2005;0;274;0;1;3;81
1028.38;-1;-1;-30664;3901;7095;984;3730;4090;7089;8247;4843;2005;0;260;0;1;3;81
1058.31;-1;-1;-30691;3881;7093;806;3730;4090;7089;8247;4843;2005;0;265;0;1;3;80
1088.24;-1;-1;-30714;3848;7095;925;3730;4090;7089;8247;4843;2005;0;319;0;1;3;77
1118.17;-1;-1;-30741;3945;7093;1434;3730;4090;7089;8247;4843;2005;0;239;0;1;3;85
1148.1;-1;-1;-30725;3885;7093;1029;3730;4090;7089;8247;4843;2005;0;278;0;1;3;80
1178.38;-1;-1;-30716;3942;7093;1293;3730;4090;7089;8247;4843;2005;0;222;0;1;3;85
1207.97;-1;-1;-30700;3900;7093;1453;3729;4090;7089;8247;4843;2005;0;292;0;1;3;81
1237.9;-1;-1;-30700;3900;7093;1232;3729;4090;7089;8247;4843;2005;0;268;0;1;3;81
1267.84;-1;-1;-30677;3889;7095;633;3729;4090;7089;8247;4843;2005;0;224;0;1;3;80
1297.77;-1;-1;-30677;3875;7093;1217;3729;4090;7089;8247;4843;2005;0;299;0;1;3;79
