Time;Fluid_pressure
0.262219;97861
2.34553;97858
4.42782;97861
6.51189;97858
8.59332;97858
10.6818;97864
12.7603;97856
14.8422;97861
16.9261;97856
19.781;97856
21.9076;97854
23.1741;97874
25.2573;97863
27.34;97860
29.4229;97853
31.5121;97856
33.5915;97840
35.6788;97850
37.7603;97861
39.8404;97859
41.9235;97858
44.653;97855
46.8968;97861
48.1716;97858
50.255;97866
52.3382;97872
54.422;97861
56.507;97848
58.5886;97851
60.6725;97848
62.7545;97859
64.8394;97854
66.9217;97853
69.3773;97851
71.8808;97859
73.1728;97859
75.2538;97845
77.3376;97845
79.4196;97845
81.5021;97845
83.5849;97845
85.6676;97847
87.7521;97847
89.8404;97850
91.9167;97842
94.1152;97847
96.8367;97847
98.1659;97842
100.248;97839
102.33;97850
104.414;97852
106.499;97847
108.579;97844
110.662;97844
112.745;97843
114.828;97835
116.912;97832
118.993;97841
121.759;97832
123.159;97827
125.241;97827
127.325;97838
129.407;97832
131.489;97835
133.584;97829
135.654;97834
137.739;97826
139.824;97829
141.904;97837
143.987;97832
146.694;97826
148.155;97824
150.236;97824
152.318;97826
154.401;97826
156.483;97823
158.569;97826
160.651;97812
162.734;97817
164.816;97815
166.901;97815
168.985;97805
171.649;97805
173.149;97809
175.23;97813
177.315;97788
179.397;97783
181.479;97789
183.561;97779
185.647;97776
187.729;97782
189.827;97796
191.894;97807
193.977;97804
196.597;97801
198.143;97804
200.225;97809
202.307;97817
204.39;97816
206.472;97828
208.557;97816
210.639;97816
212.72;97822
214.806;97806
216.886;97797
218.971;97792
221.515;95434
223.134;97782
225.217;97788
227.301;97793
229.389;97788
231.466;97788
233.548;97786
235.63;97791
237.714;97791
239.799;97797
241.882;97794
243.963;97846
246.43;97839
248.127;97843
250.208;97854
252.291;97854
254.374;97860
256.456;97859
258.541;97851
260.621;97848
262.706;97843
264.79;97843
266.87;97832
268.97;97829
271.371;97837
273.118;97835
275.201;97834
277.284;97835
279.367;97838
281.448;97857
283.531;97851
285.613;97851
287.704;97854
289.787;97857
291.863;97862
293.946;97854
296.295;97868
298.113;97852
300.194;97858
302.277;97852
304.36;97860
306.442;97860
308.534;97868
310.608;97861
312.69;97858
314.777;97856
316.856;97861
318.939;97854
321.21;97862
323.103;97857
325.186;97850
327.268;97857
329.353;97861
331.434;97866
333.516;97856
335.599;97853
337.685;97862
339.768;97860
341.85;97865
343.933;97860
346.166;97870
350.18;97857
352.263;97850
354.346;97856
356.428;97855
358.513;97850
360.594;97853
362.677;97854
364.767;97854
366.843;97855
368.927;97852
371.797;97857
373.906;97855
375.175;97849
377.275;97855
379.343;97849
381.423;97847
383.507;97856
385.589;97854
387.672;97856
389.759;97857
391.842;97849
393.922;97854
396.408;97855
398.105;97850
400.171;97852
402.253;97847
404.34;97844
406.419;97850
408.503;97847
410.584;97850
412.667;97852
414.752;97855
416.838;97842
418.919;97845
421.103;97848
423.827;97864
425.165;97859
427.249;97859
429.332;97843
431.413;97837
433.495;97827
435.579;97836
437.69;97838
439.75;97838
441.831;97840
443.914;97848
445.996;97848
448.797;97858
450.163;97853
452.244;97856
454.327;97853
456.411;97850
458.493;97855
460.577;97858
462.658;97861
464.74;97867
466.824;97845
468.907;97842
470.989;97858
473.712;97863
475.154;97850
477.254;97855
479.323;97858
481.405;97853
483.487;97852
485.569;97852
487.652;97855
489.741;97870
491.82;97858
493.902;97857
495.985;97870
498.653;97866
500.149;97849
502.23;97855
504.313;97852
506.396;97857
508.478;97863
510.562;97860
512.643;97860
514.725;97858
516.821;97851
518.894;97855
520.978;97855
523.599;97846
525.142;97855
527.224;97849
529.308;97855
531.389;97851
533.471;97853
535.554;97852
537.637;97856
539.721;97862
541.803;97863
543.885;97851
545.969;97856
548.513;97854
552.217;97848
554.301;97866
556.392;97859
558.466;97852
560.551;97857
562.631;97860
564.714;97850
566.796;97852
568.879;97859
570.963;97848
573.437;97862
575.127;97856
577.209;97854
579.291;97858
581.375;97855
583.458;97845
585.539;97843
587.621;97850
589.705;97850
591.787;97857
593.87;97855
595.959;97851
598.366;97856
600.121;97844
602.202;97839
604.285;97852
606.367;97848
608.45;97841
610.535;97848
612.616;97862
614.697;97854
616.782;97860
618.863;97853
620.947;97857
623.281;97856
625.111;97847
627.193;97851
629.275;97847
631.359;97854
633.443;97856
635.532;97855
637.617;97854
639.69;97856
641.774;97855
643.858;97852
645.938;97845
648.206;97851
650.104;97853
652.185;97835
654.268;97843
656.35;97840
658.433;97851
660.517;97839
662.597;97840
664.682;97844
666.763;97837
668.845;97841
670.93;97841
673.147;97857
675.987;97857
677.176;97850
679.259;97839
681.342;97805
685.506;97788
689.672;97806
691.755;97794
693.837;97789
695.921;97787
698.235;97776
700.863;97777
702.168;97782
704.252;97785
706.332;97783
708.415;97769
710.498;97764
712.58;97765
714.666;97762
716.754;97757
718.829;97760
720.912;97765
722.994;97763
725.778;97760
727.16;97760
729.242;97771
731.326;97757
733.407;97760
735.489;97765
737.572;97760
739.655;97775
741.742;97775
743.823;97780
745.905;97769
747.988;97772
750.702;97777
752.154;97777
754.242;97780
756.321;97777
758.401;97772
760.488;97780
762.567;97793
764.648;97783
766.733;97777
768.814;97805
770.899;97817
772.978;97807
775.623;97782
777.144;97777
779.227;97777
781.31;97777
783.392;97785
785.474;97798
787.559;97787
789.641;97782
791.723;97771
793.806;97771
795.888;97766
797.971;97772
800.529;97769
802.138;97764
804.219;97767
806.301;97769
808.383;97772
810.466;97770
812.552;97761
814.633;97762
816.717;97767
818.8;97767
820.883;97762
822.975;97773
825.481;97773
827.132;97773
829.214;97770
831.299;97765
833.38;97768
835.463;97773
837.546;97768
839.628;97768
841.712;97768
843.81;97762
845.88;97768
847.963;97768
850.456;97765
852.129;97765
854.21;97762
856.293;97775
858.377;97767
860.46;97765
862.543;97754
864.625;97760
866.708;97759
868.791;97765
870.874;97760
872.959;97754
875.402;97752
877.123;97755
879.206;97843
881.288;97829
883.378;97767
885.453;97762
887.537;97756
889.619;97775
891.703;97786
893.789;97796
895.868;97805
897.954;97796
900.333;97780
902.118;97783
904.199;97783
906.282;97773
908.364;97791
910.447;97789
912.533;97779
914.615;97784
916.706;97790
918.78;97771
920.862;97777
922.951;97761
925.281;97772
927.111;97767
929.194;97775
931.277;97783
933.36;97775
935.442;97785
937.524;97785
939.607;97770
941.69;97781
943.775;97762
945.871;97757
947.939;97765
950.306;97762
952.106;97760
954.187;97760
956.27;97758
958.352;97766
960.435;97776
962.522;97766
964.6;97758
966.687;97758
968.771;97758
970.849;97758
972.935;97756
975.168;97756
977.982;97758
979.182;97756
981.268;97767
983.351;97772
985.437;97775
987.516;97769
989.598;97767
991.682;97764
993.765;97762
995.846;97754
997.932;97754
1000.12;97762
1002.96;97754
1004.18;97752
1006.26;97760
1008.34;97763
1010.43;97755
1012.52;97755
1014.6;97755
1016.68;97752
1018.76;97755
1020.84;97753
1022.93;97753
1025.95;97753
1027.92;97758
1029.18;97755
1031.26;97761
1033.34;97753
1035.42;97753
1037.51;97755
1039.59;97758
1041.67;97759
1043.76;97761
1045.84;97761
1047.92;97764
1050.24;97766
1052.91;97761
1054.17;97769
1056.25;97790
1058.33;97777
1060.42;97774
1062.5;97759
1064.58;97759
1066.66;97772
1068.75;97801
1070.83;97795
1072.92;97783
1075;97775
1077.8;97787
1079.16;97810
1081.24;97824
1083.33;97824
1085.41;97815
1087.49;97808
1089.57;97818
1091.66;97805
1093.74;97798
1095.83;97790
1097.91;97801
1099.99;97814
1102.72;97824
1104.16;97829
1106.24;97825
1108.32;97834
1110.4;97834
1112.49;97832
1114.57;97829
1116.65;97822
1118.74;97833
1120.82;97827
1122.91;97824
1124.99;97822
1127.69;97830
1129.15;97835
1131.24;97824
1133.32;97834
1135.4;97836
1137.48;97832
1139.57;97841
1141.65;97853
1143.73;97849
1145.81;97837
1147.9;97844
1149.98;97836
1152.62;97838
1154.15;97837
1156.23;97831
1158.31;97835
1160.39;97828
1162.48;97833
1164.56;97836
1166.64;97828
1168.72;97846
1170.83;97839
1172.89;97844
1174.97;97846
1177.58;97839
1179.14;97845
1181.22;97844
1183.31;97846
1185.39;97836
1187.47;97834
1189.55;97836
1191.64;97838
1193.72;97833
1195.8;97851
1197.89;97845
1199.97;97844
1202.51;97844
1204.14;97839
1206.22;97841
1208.3;97848
1210.38;97830
1212.47;97840
1214.55;97842
1216.63;97847
1218.72;97841
1220.8;97852
1222.89;97846
1224.96;97850
1227.45;97841
1229.13;97838
1231.21;97839
1233.29;97853
1235.38;97853
1237.46;97854
1239.54;97851
1241.62;97854
1243.71;97856
1245.79;97845
1247.88;97850
1249.96;97839
1252.4;97843
1254.12;97836
1256.21;97849
1258.29;97852
1260.39;97854
1262.46;97845
1264.54;97845
1266.62;97848
1268.7;97852
1270.79;97847
1272.87;97838
1274.95;97843
1277.36;97864
1279.12;97853
1281.2;97860
1285.37;97853
1287.45;97836
1289.53;97820
1291.61;97800
1293.7;97828
1295.79;97827
1297.86;97827
1299.97;97846
1302.36;97858
1304.12;97853
1306.2;97850
1308.28;97849
1310.36;97851
1312.45;97851
1314.53;97851
1316.61;97847
1318.69;97852
1320.78;97849
1322.86;97846
1324.94;97854
1327.25;97853
1329.11;97855
1331.19;97844
1333.27;97849
1335.36;97854
1337.44;97859
1339.53;97851
1341.61;97856
1343.69;97855
1345.77;97855
1347.85;97860
1349.94;97862
1352.2;97859
