Time;Temperature
0;22.22
2;22.22
5;22.22
7;22.23
9;22.24
11;22.24
13;22.24
15;22.26
18;22.29
20;22.28
21;22.32
23;22.31
25;22.34
27;22.34
30;22.36
32;22.39
34;22.39
36;22.42
38;22.43
40;22.45
43;22.44
45;22.48
46;22.48
48;22.48
50;22.51
52;22.51
55;22.52
57;22.54
59;22.54
61;22.56
63;22.58
65;22.58
67;22.58
70;22.61
71;22.6
73;22.64
75;22.65
77;22.63
80;22.66
82;22.67
84;22.68
86;22.7
88;22.73
90;22.71
92;22.74
95;22.75
96;22.75
98;22.76
100;22.77
102;22.76
104;22.78
107;22.77
109;22.79
111;22.8
113;22.81
115;22.81
117;22.84
120;22.82
121;22.82
123;22.83
125;22.83
127;22.84
129;22.85
132;22.85
134;22.85
136;22.87
138;22.88
140;22.88
142;22.88
145;22.89
146;22.9
148;22.9
150;22.91
152;22.93
154;22.94
157;22.92
159;22.93
161;22.95
163;22.94
165;22.96
167;22.97
170;22.99
171;22.98
173;22.99
175;23
177;23.02
179;23.02
182;23.04
184;23.03
186;23.05
188;23.04
190;23.06
192;23.09
195;23.08
196;23.1
198;23.12
200;23.14
202;23.16
204;23.17
207;23.17
209;23.21
211;23.21
213;23.23
215;23.25
217;23.26
220;23.27
221;23.29
223;20.84
225;23.32
227;23.34
229;23.34
232;23.37
234;23.37
236;23.38
238;23.38
240;23.41
242;23.42
244;23.44
246;23.45
248;23.45
250;23.45
252;23.47
254;23.45
257;23.47
259;23.45
261;23.45
263;23.46
265;23.46
267;23.45
269;23.46
271;23.45
273;23.44
275;23.44
277;23.45
279;23.44
282;23.43
284;21.11
286;23.44
288;23.44
290;23.43
292;23.43
294;23.43
296;23.43
298;23.44
300;23.45
302;23.43
304;23.44
307;23.44
309;23.43
311;23.44
313;23.43
315;23.44
317;23.43
319;23.44
321;23.43
323;23.43
325;23.42
327;23.43
329;23.42
332;23.41
334;23.42
336;23.42
338;23.41
340;23.41
342;23.41
344;23.43
348;23.41
350;23.43
352;23.41
354;23.41
357;23.4
359;23.4
361;23.41
363;23.42
365;23.41
367;23.42
370;23.4
372;23.41
373;23.42
375;23.39
377;23.41
379;23.4
382;23.41
384;23.41
386;23.4
388;23.41
390;23.41
392;23.4
394;23.41
396;23.39
398;23.41
400;23.4
402;23.39
404;23.4
407;23.39
409;23.41
411;23.39
413;23.4
415;23.4
417;23.4
419;23.39
422;23.39
423;23.39
425;23.39
427;23.4
429;23.41
431;23.39
434;23.39
436;23.4
438;23.4
440;23.4
442;23.4
444;23.39
447;23.39
448;23.38
450;23.4
452;23.38
454;23.4
456;23.39
459;23.4
461;23.41
463;23.39
465;23.39
467;23.39
469;23.4
472;23.4
473;23.4
475;23.41
477;23.4
479;23.41
481;23.4
484;23.39
486;23.39
488;23.4
490;23.4
492;23.4
494;23.39
497;23.4
498;23.38
500;23.4
502;23.38
504;23.4
506;23.39
509;23.39
511;23.38
513;23.38
515;23.39
517;23.37
519;23.38
522;23.38
523;23.36
525;23.37
527;23.35
529;23.36
531;23.37
534;23.35
536;23.35
538;23.34
540;23.35
542;23.34
544;23.35
547;23.36
550;23.35
552;23.34
554;23.35
556;23.34
559;23.35
561;23.35
563;23.34
565;23.36
567;23.34
569;23.35
571;23.33
573;23.35
575;23.35
577;23.33
579;23.35
581;23.34
584;23.33
586;23.33
588;23.34
590;23.33
592;23.3
594;23.32
596;23.3
598;23.32
600;23.3
602;23.31
604;23.3
606;23.29
609;23.29
611;23.29
613;23.3
615;23.29
617;23.29
619;23.27
621;23.28
623;23.29
625;23.27
627;23.29
629;23.29
631;23.28
634;23.28
636;23.27
638;23.28
640;23.25
642;23.27
644;23.25
646;23.26
648;23.27
650;23.23
652;23.25
654;23.25
656;23.25
659;23.23
661;23.23
663;23.23
665;23.22
667;23.21
669;23.21
671;23.21
674;23.21
675;23.21
677;23.2
679;23.2
684;23.19
688;23.17
690;23.18
692;23.16
694;23.16
696;23.15
699;23.16
700;23.14
702;23.14
704;23.14
706;23.12
708;23.13
711;23.12
713;23.12
715;23.12
717;23.14
719;23.15
721;23.16
724;23.17
725;23.18
727;23.2
729;23.2
731;23.2
733;23.2
736;23.21
738;23.2
740;23.21
742;23.2
744;23.22
746;23.2
749;23.2
750;23.19
752;23.19
754;23.19
756;23.19
758;23.19
761;23.18
763;23.18
765;23.18
767;23.16
769;23.17
771;23.16
774;23.16
775;23.15
777;23.16
779;23.17
781;23.14
783;23.15
786;23.13
788;23.15
790;23.13
792;23.13
794;23.14
796;23.13
799;23.13
800;23.11
802;23.13
804;23.12
806;23.14
808;23.12
811;23.13
813;23.12
815;23.11
817;23.13
819;23.11
821;23.12
823;23.12
825;23.11
827;23.12
829;23.1
831;23.1
833;23.12
836;23.11
838;23.11
840;23.1
842;23.09
844;23.09
846;23.08
848;23.09
850;23.09
852;23.1
854;23.08
856;23.07
858;23.08
861;23.08
863;23.06
865;23.07
867;23.07
869;23.09
871;23.08
873;23.07
875;23.1
877;23.1
879;23.12
881;23.12
883;23.11
886;23.14
888;23.13
890;23.14
892;23.12
894;23.12
896;23.12
898;23.11
900;23.11
902;23.1
904;23.09
906;23.1
908;23.08
911;23.09
913;23.08
915;23.07
917;23.06
919;23.07
921;23.05
923;23.05
925;23.04
927;23.04
929;23.03
931;23.02
933;23.03
936;23.03
938;23
940;23.01
942;23
944;23
946;23
948;22.98
950;22.99
952;22.97
954;22.96
956;22.98
958;22.97
961;22.97
963;22.97
965;22.95
967;22.96
969;22.95
971;22.94
973;22.94
976;22.93
977;22.94
979;22.94
981;22.92
983;22.95
986;22.95
988;22.93
990;22.94
992;22.95
994;22.94
996;22.95
998;22.95
1001;22.94
1002;22.95
1004;22.94
1006;22.95
1008;22.95
1011;22.93
1013;22.95
1015;22.94
1017;22.93
1019;22.95
1021;22.95
1024;22.95
1026;22.96
1027;22.96
1029;22.96
1031;22.95
1033;22.95
1036;22.97
1038;22.98
1040;22.96
1042;22.96
1044;22.97
1046;22.95
1048;22.96
1051;22.94
1052;22.94
1054;22.93
1056;22.93
1058;22.94
1061;22.92
1063;22.91
1065;22.92
1067;22.9
1069;22.91
1071;22.91
1073;22.9
1076;22.9
1077;22.88
1079;22.87
1081;22.88
1083;22.87
1085;22.88
1088;22.86
1090;22.86
1092;22.85
1094;22.87
1096;22.86
1098;22.86
1101;22.85
1102;22.84
1104;22.84
1106;22.84
1108;22.82
1110;22.81
1113;22.82
1115;22.83
1117;22.81
1119;22.82
1121;22.79
1123;22.8
1126;22.79
1127;22.77
1129;22.79
1131;22.78
1133;22.76
1135;22.76
1138;22.76
1140;22.77
1142;22.77
1144;22.75
1146;22.76
1148;22.75
1151;22.73
1152;22.75
1154;22.73
1156;22.74
1158;22.74
1160;22.71
1163;22.73
1165;22.71
1167;22.72
1169;22.73
1171;22.72
1173;22.72
1176;22.71
1177;22.72
1179;22.72
1181;22.72
1183;22.74
1185;22.74
1188;22.74
1190;22.74
1192;22.76
1194;22.76
1196;22.76
1198;22.77
1201;22.77
1202;22.76
1204;22.76
1206;22.77
1208;22.77
1210;22.76
1213;22.76
1215;22.74
1217;22.74
1219;22.72
1221;22.74
1223;22.72
1225;22.73
1227;22.74
1229;22.72
1231;22.74
1233;22.75
1235;22.76
1238;22.76
1240;22.78
1242;22.79
1244;22.77
1246;22.78
1248;22.76
1250;22.77
1252;22.78
1254;22.78
1256;22.78
1258;22.79
1260;22.8
1263;22.79
1265;22.8
1267;22.78
1269;22.83
1271;22.8
1273;22.8
1275;22.81
1277;22.8
1279;22.8
1283;22.81
1285;22.8
1288;22.81
1290;22.82
1292;22.81
1294;22.83
1296;22.81
1298;22.83
1300;22.81
1302;22.82
1304;22.81
1306;22.81
1308;22.81
1310;22.78
1313;22.8
1315;22.78
1317;22.77
1319;22.78
1321;22.77
1323;22.76
1325;22.77
1327;22.76
1329;22.74
1331;22.75
1333;22.73
1335;22.74
1338;22.74
1340;22.72
1342;22.74
1344;22.72
1346;22.72
1348;22.71
1350;22.72
