Time;Temperature
0.345531;22.22
2.42782;22.22
4.51189;22.22
6.59332;22.23
8.68182;22.24
10.7603;22.24
12.8422;22.24
14.9261;22.26
17.781;22.29
19.9076;22.28
21.1741;22.32
23.2573;22.31
25.34;22.34
27.4229;22.34
29.5121;22.36
31.5915;22.39
33.6788;22.39
35.7603;22.42
37.8404;22.43
39.9235;22.45
42.653;22.44
44.8968;22.48
46.1716;22.48
48.255;22.48
50.3382;22.51
52.422;22.51
54.507;22.52
56.5886;22.54
58.6725;22.54
60.7545;22.56
62.8394;22.58
64.9217;22.58
67.3773;22.58
69.8808;22.61
71.1728;22.6
73.2538;22.64
75.3376;22.65
77.4196;22.63
79.5021;22.66
81.5849;22.67
83.6676;22.68
85.7521;22.7
87.8404;22.73
89.9167;22.71
92.1152;22.74
94.8367;22.75
96.1659;22.75
98.2481;22.76
100.33;22.77
102.414;22.76
104.499;22.78
106.579;22.77
108.662;22.79
110.745;22.8
112.828;22.81
114.912;22.81
116.993;22.84
119.759;22.82
121.159;22.82
123.241;22.83
125.325;22.83
127.407;22.84
129.489;22.85
131.584;22.85
133.654;22.85
135.739;22.87
137.824;22.88
139.904;22.88
141.987;22.88
144.694;22.89
146.155;22.9
148.236;22.9
150.318;22.91
152.401;22.93
154.483;22.94
156.569;22.92
158.651;22.93
160.734;22.95
162.816;22.94
164.901;22.96
166.985;22.97
169.649;22.99
171.149;22.98
173.23;22.99
175.315;23
177.397;23.02
179.479;23.02
181.561;23.04
183.647;23.03
185.729;23.05
187.827;23.04
189.894;23.06
191.977;23.09
194.597;23.08
196.143;23.1
198.225;23.12
200.307;23.14
202.39;23.16
204.472;23.17
206.557;23.17
208.639;23.21
210.72;23.21
212.806;23.23
214.886;23.25
216.971;23.26
219.515;23.27
221.134;23.29
223.217;20.84
225.301;23.32
227.389;23.34
229.466;23.34
231.548;23.37
233.63;23.37
235.714;23.38
237.799;23.38
239.882;23.41
241.963;23.42
244.43;23.44
246.127;23.45
248.208;23.45
250.291;23.45
252.374;23.47
254.456;23.45
256.541;23.47
258.621;23.45
260.706;23.45
262.79;23.46
264.87;23.46
266.97;23.45
269.371;23.46
271.118;23.45
273.201;23.44
275.284;23.44
277.367;23.45
279.448;23.44
281.531;23.43
283.613;21.11
285.704;23.44
287.787;23.44
289.863;23.43
291.946;23.43
294.295;23.43
296.113;23.43
298.194;23.44
300.277;23.45
302.36;23.43
304.442;23.44
306.534;23.44
308.608;23.43
310.69;23.44
312.777;23.43
314.856;23.44
316.939;23.43
319.21;23.44
321.103;23.43
323.186;23.43
325.268;23.42
327.353;23.43
329.434;23.42
331.516;23.41
333.599;23.42
335.685;23.42
337.768;23.41
339.85;23.41
341.933;23.41
344.166;23.43
348.18;23.41
350.263;23.43
352.346;23.41
354.428;23.41
356.513;23.4
358.594;23.4
360.677;23.41
362.767;23.42
364.843;23.41
366.927;23.42
369.797;23.4
371.906;23.41
373.175;23.42
375.275;23.39
377.343;23.41
379.423;23.4
381.507;23.41
383.589;23.41
385.672;23.4
387.759;23.41
389.842;23.41
391.922;23.4
394.408;23.41
396.105;23.39
398.171;23.41
400.253;23.4
402.34;23.39
404.419;23.4
406.503;23.39
408.584;23.41
410.667;23.39
412.752;23.4
414.838;23.4
416.919;23.4
419.103;23.39
421.827;23.39
423.165;23.39
425.249;23.39
427.332;23.4
429.413;23.41
431.495;23.39
433.579;23.39
435.69;23.4
437.75;23.4
439.831;23.4
441.914;23.4
443.996;23.39
446.797;23.39
448.163;23.38
450.244;23.4
452.327;23.38
454.411;23.4
456.493;23.39
458.577;23.4
460.658;23.41
462.74;23.39
464.824;23.39
466.907;23.39
468.989;23.4
471.712;23.4
473.154;23.4
475.254;23.41
477.323;23.4
479.405;23.41
481.487;23.4
483.569;23.39
485.652;23.39
487.741;23.4
489.82;23.4
491.902;23.4
493.985;23.39
496.653;23.4
498.149;23.38
500.23;23.4
502.313;23.38
504.396;23.4
506.478;23.39
508.562;23.39
510.643;23.38
512.725;23.38
514.821;23.39
516.894;23.37
518.978;23.38
521.599;23.38
523.142;23.36
525.224;23.37
527.308;23.35
529.389;23.36
531.471;23.37
533.554;23.35
535.637;23.35
537.721;23.34
539.803;23.35
541.885;23.34
543.969;23.35
546.513;23.36
550.217;23.35
552.301;23.34
554.392;23.35
556.466;23.34
558.551;23.35
560.631;23.35
562.714;23.34
564.796;23.36
566.879;23.34
568.963;23.35
571.437;23.33
573.127;23.35
575.209;23.35
577.291;23.33
579.375;23.35
581.458;23.34
583.539;23.33
585.621;23.33
587.705;23.34
589.787;23.33
591.87;23.3
593.959;23.32
596.366;23.3
598.121;23.32
600.202;23.3
602.285;23.31
604.367;23.3
606.45;23.29
608.535;23.29
610.616;23.29
612.697;23.3
614.782;23.29
616.863;23.29
618.947;23.27
621.281;23.28
623.111;23.29
625.193;23.27
627.275;23.29
629.359;23.29
631.443;23.28
633.532;23.28
635.617;23.27
637.69;23.28
639.774;23.25
641.858;23.27
643.938;23.25
646.206;23.26
648.104;23.27
650.185;23.23
652.268;23.25
654.35;23.25
656.433;23.25
658.517;23.23
660.597;23.23
662.682;23.23
664.763;23.22
666.845;23.21
668.93;23.21
671.147;23.21
673.987;23.21
675.176;23.21
677.259;23.2
679.342;23.2
683.506;23.19
687.672;23.17
689.755;23.18
691.837;23.16
693.921;23.16
696.235;23.15
698.863;23.16
700.168;23.14
702.252;23.14
704.332;23.14
706.415;23.12
708.498;23.13
710.58;23.12
712.666;23.12
714.754;23.12
716.829;23.14
718.912;23.15
720.994;23.16
723.778;23.17
725.16;23.18
727.242;23.2
729.326;23.2
731.407;23.2
733.489;23.2
735.572;23.21
737.655;23.2
739.742;23.21
741.823;23.2
743.905;23.22
745.988;23.2
748.702;23.2
750.154;23.19
752.242;23.19
754.321;23.19
756.401;23.19
758.488;23.19
760.567;23.18
762.648;23.18
764.733;23.18
766.814;23.16
768.899;23.17
770.978;23.16
773.623;23.16
775.144;23.15
777.227;23.16
779.31;23.17
781.392;23.14
783.474;23.15
785.559;23.13
787.641;23.15
789.723;23.13
791.806;23.13
793.888;23.14
795.971;23.13
798.529;23.13
800.138;23.11
802.219;23.13
804.301;23.12
806.383;23.14
808.466;23.12
810.552;23.13
812.633;23.12
814.717;23.11
816.8;23.13
818.883;23.11
820.975;23.12
823.481;23.12
825.132;23.11
827.214;23.12
829.299;23.1
831.38;23.1
833.463;23.12
835.546;23.11
837.628;23.11
839.712;23.1
841.81;23.09
843.88;23.09
845.963;23.08
848.456;23.09
850.129;23.09
852.21;23.1
854.293;23.08
856.377;23.07
858.46;23.08
860.543;23.08
862.625;23.06
864.708;23.07
866.791;23.07
868.874;23.09
870.959;23.08
873.402;23.07
875.123;23.1
877.206;23.1
879.288;23.12
881.378;23.12
883.453;23.11
885.537;23.14
887.619;23.13
889.703;23.14
891.789;23.12
893.868;23.12
895.954;23.12
898.333;23.11
900.118;23.11
902.199;23.1
904.282;23.09
906.364;23.1
908.447;23.08
910.533;23.09
912.615;23.08
914.706;23.07
916.78;23.06
918.862;23.07
920.951;23.05
923.281;23.05
925.111;23.04
927.194;23.04
929.277;23.03
931.36;23.02
933.442;23.03
935.524;23.03
937.607;23
939.69;23.01
941.775;23
943.871;23
945.939;23
948.306;22.98
950.106;22.99
952.187;22.97
954.27;22.96
956.352;22.98
958.435;22.97
960.522;22.97
962.6;22.97
964.687;22.95
966.771;22.96
968.849;22.95
970.935;22.94
973.168;22.94
975.982;22.93
977.182;22.94
979.268;22.94
981.351;22.92
983.437;22.95
985.516;22.95
987.598;22.93
989.682;22.94
991.765;22.95
993.846;22.94
995.932;22.95
998.116;22.95
1000.96;22.94
1002.18;22.95
1004.26;22.94
1006.34;22.95
1008.43;22.95
1010.52;22.93
1012.6;22.95
1014.68;22.94
1016.76;22.93
1018.84;22.95
1020.93;22.95
1023.95;22.95
1025.92;22.96
1027.18;22.96
1029.26;22.96
1031.34;22.95
1033.42;22.95
1035.51;22.97
1037.59;22.98
1039.67;22.96
1041.76;22.96
1043.84;22.97
1045.92;22.95
1048.24;22.96
1050.91;22.94
1052.17;22.94
1054.25;22.93
1056.33;22.93
1058.42;22.94
1060.5;22.92
1062.58;22.91
1064.66;22.92
1066.75;22.9
1068.83;22.91
1070.92;22.91
1073;22.9
1075.8;22.9
1077.16;22.88
1079.24;22.87
1081.33;22.88
1083.41;22.87
1085.49;22.88
1087.57;22.86
1089.66;22.86
1091.74;22.85
1093.83;22.87
1095.91;22.86
1097.99;22.86
1100.72;22.85
1102.16;22.84
1104.24;22.84
1106.32;22.84
1108.4;22.82
1110.49;22.81
1112.57;22.82
1114.65;22.83
1116.74;22.81
1118.82;22.82
1120.91;22.79
1122.99;22.8
1125.69;22.79
1127.15;22.77
1129.24;22.79
1131.32;22.78
1133.4;22.76
1135.48;22.76
1137.57;22.76
1139.65;22.77
1141.73;22.77
1143.81;22.75
1145.9;22.76
1147.98;22.75
1150.62;22.73
1152.15;22.75
1154.23;22.73
1156.31;22.74
1158.39;22.74
1160.48;22.71
1162.56;22.73
1164.64;22.71
1166.72;22.72
1168.83;22.73
1170.89;22.72
1172.97;22.72
1175.58;22.71
1177.14;22.72
1179.22;22.72
1181.31;22.72
1183.39;22.74
1185.47;22.74
1187.55;22.74
1189.64;22.74
1191.72;22.76
1193.8;22.76
1195.89;22.76
1197.97;22.77
1200.51;22.77
1202.14;22.76
1204.22;22.76
1206.3;22.77
1208.38;22.77
1210.47;22.76
1212.55;22.76
1214.63;22.74
1216.72;22.74
1218.8;22.72
1220.89;22.74
1222.96;22.72
1225.45;22.73
1227.13;22.74
1229.21;22.72
1231.29;22.74
1233.38;22.75
1235.46;22.76
1237.54;22.76
1239.62;22.78
1241.71;22.79
1243.79;22.77
1245.88;22.78
1247.96;22.76
1250.4;22.77
1252.12;22.78
1254.21;22.78
1256.29;22.78
1258.39;22.79
1260.46;22.8
1262.54;22.79
1264.62;22.8
1266.7;22.78
1268.79;22.83
1270.87;22.8
1272.95;22.8
1275.36;22.81
1277.12;22.8
1279.2;22.8
1283.37;22.81
1285.45;22.8
1287.53;22.81
1289.61;22.82
1291.7;22.81
1293.79;22.83
1295.86;22.81
1297.97;22.83
1300.36;22.81
1302.12;22.82
1304.2;22.81
1306.28;22.81
1308.36;22.81
1310.45;22.78
1312.53;22.8
1314.61;22.78
1316.69;22.77
1318.78;22.78
1320.86;22.77
1322.94;22.76
1325.25;22.77
1327.11;22.76
1329.19;22.74
1331.27;22.75
1333.36;22.73
1335.44;22.74
1337.53;22.74
1339.61;22.72
1341.69;22.74
1343.77;22.72
1345.85;22.72
1347.94;22.71
1350.2;22.72
