Time;Fluid_pressure
0;97861
2;97858
4;97861
7;97858
9;97858
11;97864
13;97856
15;97861
17;97856
20;97856
22;97854
23;97874
25;97863
27;97860
29;97853
32;97856
34;97840
36;97850
38;97861
40;97859
42;97858
45;97855
47;97861
48;97858
50;97866
52;97872
54;97861
57;97848
59;97851
61;97848
63;97859
65;97854
67;97853
69;97851
72;97859
73;97859
75;97845
77;97845
79;97845
82;97845
84;97845
86;97847
88;97847
90;97850
92;97842
94;97847
97;97847
98;97842
100;97839
102;97850
104;97852
106;97847
109;97844
111;97844
113;97843
115;97835
117;97832
119;97841
122;97832
123;97827
125;97827
127;97838
129;97832
131;97835
134;97829
136;97834
138;97826
140;97829
142;97837
144;97832
147;97826
148;97824
150;97824
152;97826
154;97826
156;97823
159;97826
161;97812
163;97817
165;97815
167;97815
169;97805
172;97805
173;97809
175;97813
177;97788
179;97783
181;97789
184;97779
186;97776
188;97782
190;97796
192;97807
194;97804
197;97801
198;97804
200;97809
202;97817
204;97816
206;97828
209;97816
211;97816
213;97822
215;97806
217;97797
219;97792
222;95434
223;97782
225;97788
227;97793
229;97788
231;97788
234;97786
236;97791
238;97791
240;97797
242;97794
244;97846
246;97839
248;97843
250;97854
252;97854
254;97860
256;97859
259;97851
261;97848
263;97843
265;97843
267;97832
269;97829
271;97837
273;97835
275;97834
277;97835
279;97838
281;97857
284;97851
286;97851
288;97854
290;97857
292;97862
294;97854
296;97868
298;97852
300;97858
302;97852
304;97860
306;97860
309;97868
311;97861
313;97858
315;97856
317;97861
319;97854
321;97862
323;97857
325;97850
327;97857
329;97861
331;97866
334;97856
336;97853
338;97862
340;97860
342;97865
344;97860
346;97870
350;97857
352;97850
354;97856
356;97855
359;97850
361;97853
363;97854
365;97854
367;97855
369;97852
372;97857
374;97855
375;97849
377;97855
379;97849
381;97847
384;97856
386;97854
388;97856
390;97857
392;97849
394;97854
396;97855
398;97850
400;97852
402;97847
404;97844
406;97850
409;97847
411;97850
413;97852
415;97855
417;97842
419;97845
421;97848
424;97864
425;97859
427;97859
429;97843
431;97837
433;97827
436;97836
438;97838
440;97838
442;97840
444;97848
446;97848
449;97858
450;97853
452;97856
454;97853
456;97850
458;97855
461;97858
463;97861
465;97867
467;97845
469;97842
471;97858
474;97863
475;97850
477;97855
479;97858
481;97853
483;97852
486;97852
488;97855
490;97870
492;97858
494;97857
496;97870
499;97866
500;97849
502;97855
504;97852
506;97857
508;97863
511;97860
513;97860
515;97858
517;97851
519;97855
521;97855
524;97846
525;97855
527;97849
529;97855
531;97851
533;97853
536;97852
538;97856
540;97862
542;97863
544;97851
546;97856
549;97854
552;97848
554;97866
556;97859
558;97852
561;97857
563;97860
565;97850
567;97852
569;97859
571;97848
573;97862
575;97856
577;97854
579;97858
581;97855
583;97845
586;97843
588;97850
590;97850
592;97857
594;97855
596;97851
598;97856
600;97844
602;97839
604;97852
606;97848
608;97841
611;97848
613;97862
615;97854
617;97860
619;97853
621;97857
623;97856
625;97847
627;97851
629;97847
631;97854
633;97856
636;97855
638;97854
640;97856
642;97855
644;97852
646;97845
648;97851
650;97853
652;97835
654;97843
656;97840
658;97851
661;97839
663;97840
665;97844
667;97837
669;97841
671;97841
673;97857
676;97857
677;97850
679;97839
681;97805
686;97788
690;97806
692;97794
694;97789
696;97787
698;97776
701;97777
702;97782
704;97785
706;97783
708;97769
710;97764
713;97765
715;97762
717;97757
719;97760
721;97765
723;97763
726;97760
727;97760
729;97771
731;97757
733;97760
735;97765
738;97760
740;97775
742;97775
744;97780
746;97769
748;97772
751;97777
752;97777
754;97780
756;97777
758;97772
760;97780
763;97793
765;97783
767;97777
769;97805
771;97817
773;97807
776;97782
777;97777
779;97777
781;97777
783;97785
785;97798
788;97787
790;97782
792;97771
794;97771
796;97766
798;97772
801;97769
802;97764
804;97767
806;97769
808;97772
810;97770
813;97761
815;97762
817;97767
819;97767
821;97762
823;97773
825;97773
827;97773
829;97770
831;97765
833;97768
835;97773
838;97768
840;97768
842;97768
844;97762
846;97768
848;97768
850;97765
852;97765
854;97762
856;97775
858;97767
860;97765
863;97754
865;97760
867;97759
869;97765
871;97760
873;97754
875;97752
877;97755
879;97843
881;97829
883;97767
885;97762
888;97756
890;97775
892;97786
894;97796
896;97805
898;97796
900;97780
902;97783
904;97783
906;97773
908;97791
910;97789
913;97779
915;97784
917;97790
919;97771
921;97777
923;97761
925;97772
927;97767
929;97775
931;97783
933;97775
935;97785
938;97785
940;97770
942;97781
944;97762
946;97757
948;97765
950;97762
952;97760
954;97760
956;97758
958;97766
960;97776
963;97766
965;97758
967;97758
969;97758
971;97758
973;97756
975;97756
978;97758
979;97756
981;97767
983;97772
985;97775
988;97769
990;97767
992;97764
994;97762
996;97754
998;97754
1000;97762
1003;97754
1004;97752
1006;97760
1008;97763
1010;97755
1013;97755
1015;97755
1017;97752
1019;97755
1021;97753
1023;97753
1026;97753
1028;97758
1029;97755
1031;97761
1033;97753
1035;97753
1038;97755
1040;97758
1042;97759
1044;97761
1046;97761
1048;97764
1050;97766
1053;97761
1054;97769
1056;97790
1058;97777
1060;97774
1063;97759
1065;97759
1067;97772
1069;97801
1071;97795
1073;97783
1075;97775
1078;97787
1079;97810
1081;97824
1083;97824
1085;97815
1087;97808
1090;97818
1092;97805
1094;97798
1096;97790
1098;97801
1100;97814
1103;97824
1104;97829
1106;97825
1108;97834
1110;97834
1112;97832
1115;97829
1117;97822
1119;97833
1121;97827
1123;97824
1125;97822
1128;97830
1129;97835
1131;97824
1133;97834
1135;97836
1137;97832
1140;97841
1142;97853
1144;97849
1146;97837
1148;97844
1150;97836
1153;97838
1154;97837
1156;97831
1158;97835
1160;97828
1162;97833
1165;97836
1167;97828
1169;97846
1171;97839
1173;97844
1175;97846
1178;97839
1179;97845
1181;97844
1183;97846
1185;97836
1187;97834
1190;97836
1192;97838
1194;97833
1196;97851
1198;97845
1200;97844
1203;97844
1204;97839
1206;97841
1208;97848
1210;97830
1212;97840
1215;97842
1217;97847
1219;97841
1221;97852
1223;97846
1225;97850
1227;97841
1229;97838
1231;97839
1233;97853
1235;97853
1237;97854
1240;97851
1242;97854
1244;97856
1246;97845
1248;97850
1250;97839
1252;97843
1254;97836
1256;97849
1258;97852
1260;97854
1262;97845
1265;97845
1267;97848
1269;97852
1271;97847
1273;97838
1275;97843
1277;97864
1279;97853
1281;97860
1285;97853
1287;97836
1290;97820
1292;97800
1294;97828
1296;97827
1298;97827
1300;97846
1302;97858
1304;97853
1306;97850
1308;97849
1310;97851
1312;97851
1315;97851
1317;97847
1319;97852
1321;97849
1323;97846
1325;97854
1327;97853
1329;97855
1331;97844
1333;97849
1335;97854
1337;97859
1340;97851
1342;97856
1344;97855
1346;97855
1348;97860
1350;97862
1352;97859
