Time;RSSI;Internal_humidity_percent;External_humidity_percent;External_temperature;External_temperature_C;UV_light;IR_light;Visual_light_Lux;Deep_UV_light;Radioactivity_CPM;Health_effect
1;0;20.54;1.144;29730;293.828;3.69245;21482;17059;0;0;0
11;0;20.53;1.14;29720;293.728;4.97803;21287;17941;0;0;0
21;0;20.49;1.066;29692;293.349;4.39391;21414;18015;0;0;0
32;0;20.44;1.077;29688;293.448;5.96708;21230;17903;0;0;0
41;0;20.42;1.122;29682;293.478;5.25312;21639;18233;0;0;0
51;0;20.39;1.092;29676;293.458;4.89667;19906;16968;0;0;0
61;0;20.42;1.104;29673;293.488;5.44926;21601;18304;0;0;0
71;0;20.44;1.131;29682;293.629;5.59115;21433;18197;0;0;0
82;0;20.46;1.132;29686;293.698;5.36484;21504;18235;0;0;0
92;0;20.53;1.091;29691;293.779;5.44926;21639;18286;0;0;0
101;0;20.55;1.073;29701;293.898;5.7634;21879;18495;0;0;0
111;0;20.6;1.153;29708;294.018;4.97803;20458;17411;0;0;0
121;0;20.67;1.21;29712;294.069;6.41344;21599;18268;0;0;0
132;0;20.71;1.237;29719;294.148;5.99642;22019;18737;0;0;0
142;0;20.72;1.251;29720;294.208;5.73454;22845;19566;0;0;0
153;0;20.78;1.26;29726;294.228;5.36484;21844;18743;0;0;0
161;0;20.77;1.266;29725;294.159;4.95085;19870;17431;0;0;0
171;0;20.8;1.269;29713;293.948;5.50583;10322;10173;0;0;0
182;0;20.78;1.294;29679;293.509;5.64833;10910;10606;0;0;0
192;0;20.75;1.308;29682;293.569;5.14237;16588;14722;0;0;0
203;0;20.66;1.298;29700;293.759;5.56265;22208;19308;0;0;0
213;0;20.6;1.298;29688;293.589;5.85033;12617;12102;0;0;0
221;0;20.55;1.296;29673;293.358;4.97803;13406;12692;0;0;0
232;0;20.51;1.283;29661;293.219;5.19763;13582;12815;0;0;0
242;0;20.43;1.246;29665;293.238;5.03257;20028;16811;0;0;0
253;0;20.33;1.182;29670;293.189;5.33682;21638;18125;0;0;0
263;0;20.24;1.159;29676;293.298;4.60296;18495;15771;0;0;0
273;0;20.18;1.155;29666;293.189;4.47186;18606;15887;0;0;0
282;0;20.17;1.143;29660;293.129;5.73454;21451;18074;0;0;0
292;0;20.1;1.128;29653;293.069;5.42106;21228;17865;0;0;0
313;0;19.95;1.193;29625;292.768;4.86967;21199;17840;0;0;0
323;0;19.9;1.177;29600;292.599;4.36805;21557;18095;0;0;0
334;0;19.84;1.13;29573;292.238;4.52412;22093;18496;0;0;0
353;0;19.69;1.134;29559;292.268;5.42106;21473;18019;0;0;0
363;0;19.6;1.161;29524;291.789;5.03257;21289;17872;0;0;0
373;0;19.57;1.214;29519;291.819;5.03257;20742;17446;0;0;0
384;0;19.51;1.144;29489;291.388;5.56265;21141;17738;0;0;0
394;0;19.49;1.14;29474;291.259;5.56265;20363;17143;0;0;0
403;0;19.42;1.218;29470;291.279;5.03257;20992;17606;0;0;0
413;0;19.38;1.217;29461;291.138;4.97803;19804;16710;0;0;0
423;0;19.34;1.216;29448;290.978;4.68235;19083;16236;0;0;0
434;0;19.27;1.212;29448;290.948;5.67701;19510;16480;0;0;0
444;0;19.23;1.215;29470;291.289;6.05528;21513;17984;0;0;0
455;0;19.2;1.166;29470;291.379;4.89667;22352;18637;0;0;0
463;0;19.11;1.147;29468;291.228;4.31651;18640;15858;0;0;0
473;0;19.02;1.199;29474;291.319;5.90859;21457;17945;0;0;0
484;0;18.95;1.197;29487;291.409;4.95085;22103;18421;0;0;0
494;0;18.9;1.186;29477;291.409;5.11483;19919;16788;0;0;0
505;0;18.83;1.148;29429;291.039;5.11483;23288;19209;0;0;0
515;0;18.77;1.134;29435;291.048;4.81585;21441;17800;0;0;0
523;0;18.7;1.137;29422;290.969;5.42106;24434;20249;0;0;0
534;0;18.68;1.143;29366;290.559;5.50583;24034;20100;0;0;0
555;0;18.53;1.181;29398;290.749;4.73557;23703;19420;0;0;0
565;0;18.47;1.192;29377;290.548;4.23965;22898;19337;0;0;0
575;0;18.4;1.199;29302;289.768;4.97803;20120;16941;0;0;0
584;0;18.4;1.221;29292;289.708;4.86967;23042;19229;0;0;0
594;0;18.37;1.269;29297;289.728;5.96708;22175;18732;0;0;0
605;0;18.32;1.283;29282;289.569;5.42106;23608;20038;0;0;0
615;0;18.3;1.285;29142;288.379;4.95085;21955;18798;0;0;0
625;0;18.22;1.307;29137;288.138;5.14237;23694;20061;0;0;0
636;0;18.13;1.366;29120;288.099;5.33682;22851;19404;0;0;0
644;0;18.1;1.324;29080;287.559;5.73454;21126;17900;0;0;0
655;0;18.03;1.336;28994;286.909;5.85033;20105;17251;0;0;0
665;0;17.95;1.376;29048;287.238;5.7634;19821;17015;0;0;0
675;0;17.92;1.406;29077;287.529;4.16332;7312;7725;0;0;0
686;0;17.86;1.498;29059;287.279;5.03257;3828;5172;0;0;0
696;0;17.84;1.567;29037;287.039;4.47186;3216;4753;0;0;0
705;0;17.83;1.609;29022;286.858;3.69245;2658;4380;0;0;0
715;0;17.8;1.639;29011;286.738;3.50066;3201;4440;0;0;0
725;0;17.77;1.656;29012;286.708;3.96242;3345;4370;0;0;0
736;0;17.73;1.667;29022;286.749;4.76227;4077;5246;0;0;0
746;0;17.65;1.652;29029;286.779;4.16332;3621;5003;0;0;0
757;0;17.65;1.659;29033;286.779;4.29083;4053;5306;0;0;0
765;0;17.68;1.668;29040;286.798;4.81585;5922;6710;0;0;0
775;0;17.68;1.688;29039;286.809;4.68235;3549;4968;0;0;0
786;0;17.71;1.688;29045;286.858;3.59608;3130;4690;0;0;0
796;0;17.71;1.683;29031;286.759;3.59608;2666;4367;0;0;0
807;0;17.67;1.702;29026;286.708;4.47186;2734;4418;0;0;0
817;0;17.63;1.71;29019;286.648;5.33682;2764;4434;0;0;0
825;0;17.61;1.714;29016;286.608;4.44582;2771;4363;0;0;0
836;0;17.61;1.728;29010;286.539;3.93758;2796;4422;0;0;0
846;0;17.58;1.74;29015;286.569;4.08753;2906;4472;0;0;0
857;0;17.53;1.724;29013;286.569;3.83881;2582;4238;0;0;0
867;0;17.51;1.724;29010;286.559;1.75598;3565;3675;0;0;0
877;0;17.49;1.718;29030;286.689;3.50066;3049;4097;0;0;0
886;0;17.49;1.698;29021;286.659;4.52412;3618;4997;0;0;0
896;0;17.4;1.691;29024;286.659;4.52412;3343;4803;0;0;0
907;0;17.38;1.689;29008;286.509;4.44582;3194;4704;0;0;0
917;0;17.3;1.707;28994;286.398;3.83881;2566;4303;0;0;0
927;0;17.3;1.731;28986;286.319;4.73557;3383;4840;0;0;0
938;0;17.28;1.746;28977;286.238;3.69245;2895;4525;0;0;0
946;0;17.31;1.762;28969;286.178;3.96242;2806;4505;0;0;0
957;0;17.27;1.769;28962;286.099;4.47186;3276;4852;0;0;0
967;0;17.28;1.765;28952;286.009;4.31651;2968;4686;0;0;0
977;0;17.31;1.772;28945;285.928;3.81426;3864;5306;0;0;0
988;0;17.3;1.775;28940;285.888;4.29083;3068;4801;0;0;0
996;0;17.28;1.783;28932;285.809;3.96242;2835;4661;0;0;0
1007;0;17.29;1.79;28919;285.708;4.57662;3156;4903;0;0;0
1017;0;17.34;1.797;28916;285.708;3.62008;2744;4523;0;0;0
1027;0;17.3;1.797;28909;285.608;3.17426;2950;4033;0;0;0
1038;0;17.24;1.813;28909;285.578;3.66827;2805;4437;0;0;0
1048;0;17.19;1.825;28910;285.578;3.42973;3359;4811;0;0;0
1057;0;17.17;1.821;28909;285.578;4.57662;3291;4788;0;0;0
1067;0;17.15;1.788;28864;285.228;3.76536;4760;5804;0;0;0
1077;0;17.1;1.687;28821;284.749;4.95085;9129;8850;0;0;0
1088;0;17.08;1.699;28835;284.789;4.36805;3866;5125;0;0;0
1098;0;17.07;1.664;28823;284.759;4.31651;17804;15366;0;0;0
1109;0;17.04;1.613;28814;284.698;4.08753;16374;14500;0;0;0
1117;0;17.04;1.64;28816;284.759;4.81585;18765;16012;0;0;0
1127;0;17.01;1.617;28738;283.969;4.73557;20072;17151;0;0;0
1138;0;17.02;1.637;28764;284.268;5.05993;23520;19204;0;0;0
1148;0;16.95;1.665;28815;284.809;4.08753;21508;17894;0;0;0
1159;0;17;1.651;28789;284.638;5.25312;19493;16711;0;0;0
1169;0;17.03;1.639;28763;284.279;5.19763;22226;18141;0;0;0
1177;0;17.02;1.615;28763;284.319;6.29309;22882;18716;0;0;0
1188;0;16.95;1.609;28794;284.708;4.81585;22037;18454;0;0;0
1198;0;16.93;1.56;28837;285.059;4.16332;19821;16452;0;0;0
1209;0;16.88;1.511;28869;285.349;5.11483;18069;15184;0;0;0
1219;0;16.87;1.496;28875;285.469;4.60296;20471;16804;0;0;0
1229;0;16.86;1.488;28863;285.349;4.73557;22648;18788;0;0;0
1238;0;16.81;1.499;28853;285.228;5.33682;23060;18980;0;0;0
1248;0;16.81;1.504;28871;285.398;4.31651;20739;17227;0;0;0
1259;0;16.76;1.513;28902;285.659;5.11483;21472;17964;0;0;0
1269;0;16.75;1.523;28930;285.918;4.95085;23307;19151;0;0;0
1279;0;16.74;1.528;28952;286.238;4.76227;24581;20123;0;0;0
1290;0;16.78;1.513;28973;286.349;4.81585;13898;12294;0;0;0
1298;0;16.8;1.53;28996;286.659;4.68235;20011;16585;0;0;0
1309;0;16.84;1.508;29028;287.009;4.97803;19723;16399;0;0;0
1319;0;16.88;1.499;29062;287.358;4.52412;21992;18382;0;0;0
1329;0;16.94;1.508;29098;287.728;4.95085;21603;18077;0;0;0
1340;0;17.01;1.502;29130;288.059;5.25312;19944;16599;0;0;0
