Time;Temperature
0;21
1;21
2;22
3;22
4;22
5;21
6;21
7;21
8;21
9;21
10;21
11;22
12;21
13;21
14;22
15;21
16;21
17;21
18;22
19;22
20;22
21;21
22;21
23;21
24;21
25;21
26;22
27;21
28;22
29;21
30;21
31;22
32;22
33;21
34;21
35;22
36;21
37;21
38;22
39;21
40;21
41;21
42;22
43;21
44;22
45;22
46;22
47;22
48;22
49;22
50;22
51;22
52;22
53;22
54;22
55;22
56;22
57;22
58;21
59;22
60;22
61;22
62;22
63;22
64;22
65;21
66;21
67;22
68;21
69;22
70;22
71;22
72;22
73;22
74;22
75;22
76;22
77;22
78;22
79;22
80;22
81;22
82;22
83;22
84;22
85;22
86;22
87;22
88;22
89;22
90;21
91;22
92;22
93;22
94;22
95;22
96;22
97;22
98;22
99;22
100;22
101;22
102;22
103;22
104;22
105;22
106;22
107;22
108;22
109;22
110;22
111;22
112;22
113;22
114;22
115;22
116;22
117;22
118;22
119;22
120;22
121;22
122;22
123;22
124;22
125;22
126;22
127;22
128;22
129;22
130;22
131;22
132;22
133;22
134;22
135;22
136;22
137;22
138;22
139;22
140;22
141;22
142;22
143;22
144;22
145;22
146;22
147;22
148;22
149;22
150;22
151;22
152;22
153;22
154;22
155;22
156;22
157;22
158;22
159;22
160;22
161;22
162;22
163;22
164;22
165;22
166;22
167;22
168;22
169;22
170;22
171;22
172;22
173;22
174;22
175;22
176;22
177;22
178;22
179;22
180;22
181;22
182;22
183;22
184;22
185;22
186;22
187;22
188;22
189;22
190;22
191;22
192;22
193;22
194;22
195;22
196;22
197;22
198;22
199;22
200;22
201;22
202;22
203;22
204;22
205;22
206;22
207;22
208;22
209;22
210;22
211;22
212;22
213;22
214;22
215;22
216;22
217;22
218;22
219;22
220;22
221;22
222;22
223;22
224;22
225;22
226;22
227;22
228;22
229;22
230;22
231;22
232;22
233;22
234;22
235;22
236;22
237;22
238;22
239;22
240;22
241;22
242;22
243;22
244;22
245;22
246;22
247;22
248;22
249;22
250;22
251;22
252;22
253;22
254;22
255;22
256;22
257;22
258;22
259;22
260;22
261;22
262;22
263;22
264;22
265;22
266;22
267;22
268;22
269;22
270;22
271;22
272;22
273;22
274;22
275;22
276;22
277;22
278;22
279;22
280;22
281;22
282;22
283;22
284;22
285;22
286;22
287;22
288;22
289;22
290;22
291;22
292;22
293;22
294;22
295;22
296;22
297;22
298;22
299;22
300;22
301;22
302;22
303;22
304;22
305;22
306;22
307;22
308;22
309;22
310;22
311;22
312;22
313;22
314;22
315;22
316;22
317;22
318;22
319;22
320;22
321;22
322;22
323;22
324;22
325;22
326;22
327;22
328;22
329;22
330;22
331;22
332;22
333;22
334;22
335;22
336;22
337;22
338;22
339;22
340;22
341;22
342;22
343;22
344;22
345;22
346;22
347;22
348;22
349;22
350;22
351;22
352;22
353;22
354;22
355;22
356;22
357;22
358;22
359;22
360;22
361;22
362;22
363;22
364;22
365;22
366;22
367;22
368;22
369;22
370;22
371;22
372;22
373;22
374;22
375;22
376;22
377;22
378;22
379;22
380;22
381;22
382;22
383;22
384;22
385;22
386;22
387;22
388;22
389;22
390;22
391;22
392;22
393;22
394;22
395;22
396;22
397;22
398;22
399;22
400;22
401;22
402;22
403;22
404;22
405;22
406;22
407;22
408;22
409;22
410;22
411;22
412;22
413;22
414;22
415;22
416;22
417;22
418;22
419;22
420;22
421;22
422;22
423;22
424;22
425;22
426;22
427;22
428;22
429;22
430;22
431;22
432;22
433;22
434;22
435;22
436;22
437;22
438;22
439;22
440;22
441;22
442;22
443;22
444;22
445;22
446;22
447;22
448;22
449;22
450;22
451;22
452;22
453;22
454;22
455;22
456;22
457;22
458;22
459;22
460;22
461;22
462;22
463;22
464;22
465;22
466;22
467;22
468;22
469;22
470;22
471;22
472;22
473;22
474;22
475;22
476;22
477;22
478;22
479;22
480;22
481;22
482;22
483;22
484;22
485;22
486;22
487;22
488;22
489;22
490;22
491;22
492;22
493;22
494;22
495;22
496;22
497;22
498;22
499;22
500;22
501;22
502;22
503;22
504;22
505;22
506;22
507;22
508;22
509;22
510;22
511;22
512;22
513;22
514;22
515;22
516;22
517;22
518;22
519;22
520;22
521;22
522;22
523;22
524;22
525;22
527;22
528;22
529;22
530;22
531;22
532;22
533;22
534;22
535;22
536;22
537;22
538;22
539;22
540;22
541;22
542;22
543;22
544;22
545;22
546;22
547;22
548;22
549;22
550;22
551;22
552;22
553;22
554;22
555;22
556;22
557;22
558;22
559;22
560;22
561;22
562;22
563;22
564;22
565;22
566;22
567;22
568;22
569;22
570;22
571;22
572;22
573;22
574;22
575;22
576;22
577;22
578;22
579;22
580;22
581;22
582;22
583;22
584;22
585;22
586;22
587;22
588;22
589;22
590;22
591;22
592;22
593;22
594;22
595;22
596;22
597;22
598;22
599;22
600;22
601;22
602;22
603;22
604;22
605;22
606;22
607;22
608;22
609;22
610;22
611;22
612;22
613;22
614;22
615;22
616;22
617;22
618;22
619;22
620;22
621;22
622;22
623;22
624;22
625;22
626;22
627;22
628;22
629;22
630;22
631;22
632;22
633;22
634;22
635;22
636;22
637;22
638;22
639;21
640;22
641;22
642;22
643;22
644;22
645;22
646;22
647;22
648;22
649;22
650;22
651;22
652;22
653;22
654;22
655;22
656;22
657;22
658;22
659;22
660;22
661;22
662;22
663;22
664;21
665;21
666;21
667;21
668;21
669;22
670;22
671;21
672;21
673;21
674;21
675;21
676;21
677;21
678;21
679;21
680;21
681;21
682;21
683;21
684;21
685;21
686;21
687;21
688;21
689;21
690;21
691;21
692;21
693;21
694;21
695;21
696;21
697;21
698;21
699;21
700;21
701;21
702;21
703;21
704;21
705;21
706;21
707;21
708;21
709;21
710;21
711;21
712;21
713;21
714;21
715;21
716;21
717;21
718;21
719;21
720;21
721;21
722;21
723;21
724;21
725;21
726;21
727;21
728;21
729;21
730;21
731;21
732;21
733;21
734;21
735;21
736;21
737;21
738;21
739;21
740;21
741;21
742;21
743;21
744;21
745;21
746;21
747;21
748;21
749;21
750;21
751;21
752;21
753;21
754;21
755;21
756;21
757;21
758;21
759;21
760;21
761;21
762;21
763;21
764;21
765;21
766;21
767;21
768;21
769;21
770;21
771;21
772;21
773;21
774;21
775;21
776;21
777;21
778;21
779;21
780;21
781;21
782;21
783;21
784;21
785;21
786;21
787;21
788;21
789;21
790;21
791;21
792;21
793;21
794;21
795;21
796;21
797;21
798;21
799;21
800;21
801;21
802;21
803;21
804;21
805;21
806;21
807;21
808;21
809;21
810;21
811;21
812;21
813;21
814;21
815;21
816;21
817;21
818;21
819;21
820;21
821;21
822;21
823;21
824;21
825;21
826;21
827;21
828;21
829;21
830;21
831;21
832;21
833;21
834;21
835;21
836;21
837;21
838;21
839;21
840;21
841;21
842;21
843;21
844;21
845;21
846;21
847;21
848;21
849;21
850;21
851;21
852;21
853;21
854;21
855;21
856;21
857;21
858;21
859;21
860;21
861;21
862;21
863;21
864;21
865;21
866;21
867;21
868;21
869;21
870;21
871;21
872;21
873;21
874;21
875;21
876;21
877;21
878;21
879;21
880;21
881;21
882;21
883;21
884;21
885;21
886;21
887;21
888;21
889;21
890;21
891;21
892;21
893;21
894;21
895;21
896;21
897;21
898;21
899;21
900;21
901;21
902;21
903;21
904;21
905;21
906;21
907;21
908;21
909;21
910;21
911;21
912;21
913;21
914;21
915;21
916;21
917;21
918;21
919;21
920;21
921;21
922;21
923;21
924;21
925;21
926;21
927;21
928;21
929;21
930;21
931;21
932;21
933;21
934;21
935;21
936;21
937;21
938;21
939;21
940;21
941;21
942;21
943;21
944;21
945;21
946;21
947;21
948;21
949;21
950;21
951;21
952;21
953;21
954;21
955;21
956;21
957;21
958;21
959;21
960;21
961;21
962;21
963;21
964;21
965;21
966;21
967;21
968;21
969;21
970;21
971;21
972;21
973;21
974;21
975;21
976;21
977;21
978;21
979;21
980;21
981;21
982;21
983;21
984;21
985;21
986;21
987;21
988;21
989;21
990;21
991;21
992;21
993;21
994;21
995;21
996;21
997;21
998;21
999;21
1000;21
1001;21
1002;21
1003;21
1004;21
1005;21
1006;21
1007;21
1008;21
1009;21
1010;21
1011;21
1012;21
1013;21
1014;21
1015;21
1016;21
1017;21
1018;21
1019;21
1020;21
1021;21
1022;21
1023;21
1024;21
1025;21
1026;21
1027;21
1028;21
1029;21
1030;21
1031;21
1032;21
1033;21
1034;21
1035;21
1036;21
1037;21
1038;21
1039;21
1040;21
1041;21
1042;21
1043;21
1044;21
1045;21
1046;21
1047;21
1048;21
1049;21
1050;21
1051;21
1052;21
1053;21
1054;21
1055;21
1056;21
1057;21
1058;21
1059;21
1060;21
1061;21
1062;21
1063;21
1064;21
1065;21
1066;21
1067;21
1068;21
1069;21
1070;21
1071;21
1072;21
1073;21
1074;21
1075;21
1076;21
1077;21
1078;21
1079;21
1080;21
1081;21
1082;21
1083;21
1084;21
1085;21
1086;21
1087;21
1088;21
1089;21
1090;21
1091;21
1092;21
1093;21
1094;21
1095;21
1096;21
1097;21
1098;21
1099;21
1100;21
1101;21
1102;20
1103;20
1104;21
1105;21
1106;21
1107;21
1108;21
1109;20
1110;20
1111;21
1112;21
1113;20
1114;20
1115;20
1116;20
1117;20
1118;20
1119;20
1120;20
1121;20
1122;20
1123;20
1124;20
1125;20
1126;20
1127;20
1128;20
1129;20
1130;20
1131;20
1132;20
1133;20
1134;20
1135;20
1136;20
1137;20
1138;21
1139;20
1140;20
1141;20
1142;20
1143;20
1144;20
1145;20
1146;20
1147;20
1148;20
1149;20
1150;20
1151;20
1152;20
1153;20
1154;20
1155;20
1156;20
1157;20
1158;20
1159;20
1160;20
1161;20
1162;20
1163;20
1164;20
1165;20
1166;20
1167;20
1168;20
1169;20
1170;20
1171;20
1172;21
1173;20
1174;20
1175;20
1176;20
1177;20
1178;20
1179;20
1180;20
1181;20
1182;20
1183;20
1184;20
1185;20
1186;20
1187;20
1188;20
1189;20
1190;20
1191;20
1192;20
1193;20
1194;20
1195;20
1196;20
1197;20
1198;20
1199;20
1200;20
1201;20
1202;20
1203;20
1204;20
1205;20
1206;20
1207;20
1208;20
1209;20
1210;20
1211;20
1212;20
1213;20
1214;20
1215;20
1216;20
1217;20
1218;20
1219;20
1220;20
1221;20
1222;20
1223;20
1224;20
1225;20
1226;20
1227;20
1228;20
1229;20
1230;20
1231;20
1232;20
1233;20
1234;20
1235;20
1236;20
1237;20
1238;20
1239;20
1240;20
1241;20
1242;20
1243;20
1244;20
1245;20
1246;20
1247;20
1248;20
1249;20
1250;20
1251;20
1252;20
1253;20
1254;20
1255;20
1256;20
1257;20
1258;20
1259;20
1260;20
1261;20
1262;20
1263;20
1264;20
1265;20
1266;20
1267;20
1268;20
1269;20
1270;20
1271;20
1272;20
1273;20
1274;20
1275;20
1276;20
1277;20
1278;20
1279;20
1280;20
1281;20
1282;20
1283;20
1284;20
1285;20
1286;20
1287;20
1288;20
1289;20
1290;20
1291;20
1292;20
1293;20
1294;20
1295;20
1296;20
1297;20
1298;20
1299;20
1300;20
1301;20
1302;20
1303;20
1304;20
1305;20
1306;20
1307;20
1308;20
1309;20
1310;20
1311;20
1312;20
1313;20
1314;20
1315;20
1316;20
1317;20
1318;20
1319;20
1320;20
1321;20
1322;20
1323;20
1324;20
1325;20
1326;20
1327;20
1328;20
1329;20
1330;20
1331;20
1332;20
1333;20
1334;20
1335;20
1336;20
1337;20
1338;20
1339;20
1340;20
1341;20
1342;20
1343;20
1344;20
1345;20
1346;20
1347;20
1348;20
1349;20
1350;20
1351;20
1352;20
1353;20
1354;20
1355;20
1356;20
1357;20
1358;20
1359;20
1360;20
1361;20
1362;20
1363;20
1364;20
1365;20
1366;20
